I
1000 Generated by WorldEditor

1     34 1 0 EVRA Riga International Airport
100 45.11 1 2 0.10 0 3 1 18  56.93501070  023.97324586    0   52 3 3 1 0 36  56.90640364  023.96853123    0   52 3 4 1 0
110 2 0.00 95.0000 Concrete 4
111  56.92154897  023.97801968
111  56.92113278  023.97794411
111  56.92110528  023.97849369
113  56.92151772  023.97856010
110 2 0.00 95.0000 Concrete 3
111  56.92319588  023.97595128
111  56.92264735  023.97587765
111  56.92251163  023.97869328
113  56.92307448  023.97877293
110 2 0.00 95.0000 Concrete 2
111  56.92166469  023.97569841
111  56.92158015  023.97789642
111  56.92212564  023.97797386
113  56.92222024  023.97578692
110 2 0.00 94.0000 Concrete 1
111  56.91948637  023.97545120
111  56.91937309  023.97838283
111  56.92107012  023.97863835
113  56.92118471  023.97569775
110 2 0.00 95.0000 Apron 2
111  56.91940619  023.97644766
111  56.91723571  023.97610217
111  56.91720154  023.97618934
111  56.91704310  023.97616986
111  56.91701945  023.97665018
111  56.91927654  023.97702290
111  56.91925693  023.97759058
111  56.91680311  023.97719645
111  56.91688316  023.97536333
112  56.91665229  023.97582931  56.91654084  023.97581407
111  56.91432928  023.97546236
111  56.91424937  023.97710148
111  56.91562529  023.97732388
112  56.91560240  023.97779924  56.91559242  023.97796989
112  56.91534918  023.97829644  56.91533587  023.97852499
111  56.91529199  023.97939643
111  56.91641133  023.97956577
111  56.91646914  023.97830286
112  56.91632722  023.97818398  56.91632847  023.97810843
111  56.91635593  023.97742652
111  56.91677077  023.97750902
111  56.91673405  023.97832293
113  56.91931809  023.97870590
110 1 0.00 95.0000 New Taxiway 20
111  56.91737069  023.97449407
112  56.91704208  023.97435465  56.91687823  023.97433032
111  56.91670268  023.97438456 3 102
112  56.91690010  023.97502634  56.91687741  023.97562021 3 102
111  56.91664682  023.97580408
111  56.91674500  023.97748069
111  56.91670965  023.97834780
111  56.91934331  023.97873197
111  56.91945226  023.97588494 3 102
112  56.91737544  023.97556981  56.91730412  023.97555199 3 102
112  56.91714312  023.97544832  56.91709272  023.97537597 3 102
114  56.91708693  023.97490792  56.91711286  023.97448626 3 102
110 1 0.00 275.0000 New Taxiway 22
111  56.91610058  023.97428585
112  56.91583460  023.97417142  56.91563488  023.97410896
112  56.91517735  023.97412221  56.91501173  023.97415791
112  56.91496326  023.97421500  56.91519876  023.97415445 3 102
111  56.91519713  023.97461941 3 102
112  56.91518915  023.97522518  56.91518228  023.97553244 3 102
111  56.91502763  023.97554344 3 102
112  56.91475013  023.97550855  56.91455041  023.97547731
111  56.91458692  023.97458341
112  56.91446981  023.97477992  56.91438523  023.97497041
111  56.91436922  023.97507695
111  56.91382649  023.97500733
112  56.91429995  023.97542343  56.91428859  023.97574888 1
111  56.91422810  023.97714720 1
111  56.91562344  023.97736702
111  56.91635406  023.97748212 1
111  56.91676817  023.97754736
111  56.91664682  023.97580408 3 102
111  56.91595499  023.97569305 3 102
112  56.91589735  023.97531740  56.91590596  023.97496510 3 102
114  56.91592410  023.97458441  56.91594020  023.97428231 3 102
110 2 0.00 90.0000 New Taxiway 21
111  56.91605816  023.97427419
112  56.91506686  023.97418519  56.91517525  023.97429515
111  56.91506686  023.97418519
112  56.91506686  023.97418519  56.91519983  023.97422407
111  56.91521053  023.97461504
111  56.91519955  023.97522639
111  56.91588642  023.97531542
114  56.91589241  023.97469528  56.91589462  023.97440325
110 2 0.00 272.0000 New Taxiway 3
111  56.92881318  023.98328476
111  56.92789645  023.98320297
111  56.92788625  023.98413959
113  56.92879102  023.98419315
110 2 0.00 95.0000 Apron 3
111  56.92559412  023.97601891
111  56.92474430  023.97586176
111  56.92471680  023.97640438
111  56.92426254  023.97633027
112  56.92417128  023.97811650  56.92415964  023.97842740
111  56.92402595  023.97840433
111  56.92402302  023.97873533
112  56.92483486  023.97886838  56.92494840  023.97889067
111  56.92494848  023.97913407
111  56.92514784  023.97916762
112  56.92562737  023.97899827  56.92609778  023.97907257
111  56.92892119  023.97953807
111  56.92894342  023.97854105
112  56.92876065  023.97828508  56.92871435  023.97803795
111  56.92873303  023.97776345
112  56.92573448  023.97727925  56.92554701  023.97725177
113  56.92555193  023.97698631
110 2 0.00 273.0000 New Taxiway 2
111  56.92895494  023.98084430
111  56.92792814  023.98072482
111  56.92790913  023.98171270
111  56.92848641  023.98177719
111  56.92846371  023.98268506
113  56.92890067  023.98271762
110 1 0.00 274.0000 Asphalt
111  56.92848086  023.97631543 3 102
112  56.92924582  023.97696725  56.92924125  023.97747482 3 102
112  56.92921478  023.97813650  56.92919640  023.97863391 3 102
111  56.92894342  023.97854105
111  56.92892119  023.97953807
112  56.92913113  023.97990056  56.92912118  023.98024959
112  56.92911995  023.98060116  56.92911261  023.98092413
111  56.92895494  023.98084427
111  56.92890067  023.98271762
111  56.92896039  023.98272382
112  56.92891392  023.98309247  56.92886095  023.98329007
111  56.92881318  023.98328476
111  56.92879102  023.98419315
111  56.93174003  023.98463786
112  56.93180549  023.98335041  56.93181810  023.98302568
112  56.93161927  023.98278744  56.93155495  023.98277357
112  56.93146053  023.98286127  56.93141324  023.98285433
112  56.92949051  023.98252822  56.92929663  023.98248669 3
111  56.92932709  023.98215769 3 102
111  56.92937813  023.98061157 2
111  56.92938524  023.98039613 3 102
111  56.92940725  023.97972913 2
111  56.92941423  023.97951780 3 102
111  56.92945962  023.97815623 3 102
112  56.92947923  023.97748520  56.92949975  023.97682596
111  56.92947923  023.97748520
112  56.92947923  023.97748520  56.92950891  023.97650715 3 102
113  56.93001568  023.97656704
110 2 0.00 81.0000 Concrete
111  56.93176695  023.98303448
112  56.93168122  023.98259820  56.93166044  023.98244315
111  56.93151858  023.98074800
111  56.93142094  023.98093035
112  56.93158766  023.98261392  56.93160102  023.98276081
111  56.93150618  023.98284806
114  56.93163511  023.98280104  56.93168076  023.98282083
110 2 0.00 275.0000 Concrete
111  56.93151858  023.98074800
111  56.92943215  023.98040230
111  56.92942434  023.98062221
113  56.93142094  023.98093035
110 2 0.00 273.0000 Concrete
111  56.92946332  023.97952490
111  56.92945608  023.97972868
111  56.92969060  023.97975979
112  56.92989795  023.97997087  56.93004193  023.97997631
112  56.93013351  023.97970975  56.93013797  023.97955742
112  56.92992126  023.97941380  56.92975947  023.97939748
113  56.92970218  023.97955307
110 2 0.00 275.0000 New Taxiway 48
111  56.93122464  023.98089724
111  56.93099138  023.98086085
112  56.93107122  023.98105581  56.93106716  023.98118772
111  56.93105833  023.98128520
112  56.93098820  023.98151062  56.93098111  023.98167783
112  56.93107151  023.98173655  56.93113234  023.98174770
112  56.93117191  023.98153982  56.93117799  023.98138375
111  56.93112642  023.98130034
114  56.93113598  023.98106112  56.93114409  023.98092550
110 2 0.00 275.0000 New Taxiway 48
111  56.93083311  023.98084128
111  56.93059985  023.98080490
112  56.93067969  023.98099986  56.93067564  023.98113177
111  56.93066680  023.98122924
112  56.93059667  023.98145467  56.93058958  023.98162188
112  56.93067998  023.98168060  56.93074081  023.98169174
112  56.93078038  023.98148386  56.93078646  023.98132780
111  56.93073489  023.98124438
114  56.93074445  023.98100517  56.93075256  023.98086954
110 2 0.00 275.0000 New Taxiway 48
111  56.93042816  023.98077382
111  56.93019490  023.98073744
112  56.93027474  023.98093240  56.93027069  023.98106431
111  56.93026185  023.98116178
112  56.93019173  023.98138721  56.93018463  023.98155442
112  56.93027503  023.98161313  56.93033586  023.98162428
112  56.93037543  023.98141640  56.93038151  023.98126034
111  56.93032994  023.98117692
114  56.93033950  023.98093770  56.93034761  023.98080208
110 2 0.00 275.0000 New Taxiway 48
111  56.92966127  023.98065204
111  56.92942801  023.98061566
112  56.92950785  023.98081062  56.92950379  023.98094253
111  56.92949495  023.98104000
112  56.92942483  023.98126543  56.92941773  023.98143264
112  56.92950814  023.98149135  56.92956897  023.98150250
112  56.92960854  023.98129462  56.92961462  023.98113856
111  56.92956304  023.98105514
114  56.92957261  023.98081593  56.92958072  023.98068030
110 2 0.00 275.0000 New Taxiway 48
111  56.93005280  023.98071787
111  56.92981954  023.98068148
112  56.92989938  023.98087645  56.92989532  023.98100836
111  56.92988648  023.98110583
112  56.92981636  023.98133126  56.92980926  023.98149846
112  56.92989967  023.98155718  56.92996050  023.98156833
112  56.93000007  023.98136045  56.93000615  023.98120439
111  56.92995457  023.98112097
114  56.92996414  023.98088175  56.92997225  023.98074613
110 1 0.00 185.0000 TWY G (E)
112  56.93402864  023.97584185  56.93379099  023.97581046 3 102
112  56.93289039  023.97573349  56.93237118  023.97568871 3 102
112  56.93167085  023.97615024  56.93132875  023.97640209 3 102
111  56.93070380  023.97629258
111  56.93132136  023.97689150 3 102
112  56.93165801  023.97743305  56.93173781  023.97755790 3 102
112  56.93197388  023.97765691  56.93210429  023.97767831 3 102
112  56.93216489  023.97768896  56.93226784  023.97769537 3 102
112  56.93252822  023.97734537  56.93260865  023.97709774 3 102
111  56.93261077  023.97708911 3 102
112  56.93283126  023.97750791  56.93300471  023.97785603 3 102
112  56.93334229  023.97792077  56.93354679  023.97793937 3 102
112  56.93393598  023.97736571  56.93408499  023.97709479 3 102
112  56.93428513  023.97653266  56.93443020  023.97617182 3 102
114  56.93464951  023.97585540  56.93472463  023.97576993
111  56.93402043  023.97625877 3 102
112  56.93328082  023.97670364  56.93281051  023.97662718 3 102
111  56.93276499  023.97661328 3 102
114  56.93340978  023.97621011  56.93394837  023.97625877 3 102
111  56.93239719  023.97692399 3 102
112  56.93204611  023.97725719  56.93177340  023.97723421 3 102
113  56.93160100  023.97680910 3 102
111  56.93275321  023.97608290 3 102
112  56.93264021  023.97622957  56.93259295  023.97632102 3 102
111  56.93255237  023.97645243 3 102
112  56.93239925  023.97628488  56.93230385  023.97620801 3 102
111  56.93220923  023.97619010 3 102
114  56.93250316  023.97610702  56.93266548  023.97608022 3 102
110 1 0.00 95.0000 TWY G (W)
111  56.93499239  023.97361849
111  56.93408038  023.97346799 3 102
112  56.93464361  023.97376417  56.93472936  023.97395228 3 102
112  56.93472342  023.97452797  56.93470042  023.97486523 3 102
112  56.93456351  023.97537320  56.93446717  023.97567142 3 102
112  56.93402864  023.97584185  56.93379099  023.97581046
112  56.93464951  023.97585540  56.93472463  023.97576993 3 102
112  56.93481211  023.97562513  56.93487634  023.97552168 3 102
114  56.93493037  023.97506977  56.93494789  023.97471305 3 102
110 1 0.00 185.0000 TWY F
111  56.93132136  023.97689150
112  56.93111386  023.97661224  56.93095071  023.97641513
111  56.93074835  023.97629922
112  56.92961311  023.97615684  56.92911314  023.97606838
111  56.92863946  023.97592387 3 102
111  56.92670097  023.97562100
111  56.92556856  023.97544464 3 102
111  56.91829770  023.97426689
112  56.91705634  023.97414219  56.91668847  023.97408524
111  56.91624035  023.97392784 3 102
111  56.91400071  023.97354686
111  56.91307137  023.97337616 3 102
111  56.91157030  023.97310648 3 102
112  56.91060589  023.97293322  56.91037015  023.97290475
112  56.91059506  023.97339477  56.91083361  023.97342047 3
112  56.91310589  023.97380492  56.91354041  023.97388084 3 102
112  56.91374010  023.97448270  56.91380260  023.97470078 3 102
111  56.91382649  023.97500733 1 102
111  56.91436922  023.97507695 3 102
112  56.91455235  023.97463116  56.91464977  023.97449286 3 102
112  56.91496326  023.97421500  56.91507671  023.97416807
112  56.91518499  023.97417136  56.91525452  023.97418477
111  56.91610058  023.97428585 3 102
111  56.91670268  023.97438456
111  56.91737069  023.97449407 3 102
112  56.91910908  023.97477905  56.91944427  023.97484438 3 102
111  56.91946873  023.97545520 1 102
111  56.91945226  023.97588496
111  56.91934844  023.97859287
111  56.92328847  023.97916489
111  56.92329229  023.97905768
111  56.92355686  023.97908143
112  56.92380756  023.97889162  56.92391857  023.97871687
111  56.92402302  023.97873533
111  56.92402595  023.97840433
112  56.92372700  023.97836798  56.92356219  023.97834282
111  56.92356681  023.97814746
111  56.92365068  023.97612743 1 102
112  56.92370349  023.97585627  56.92375473  023.97565174 1 102
112  56.92389054  023.97562332  56.92398020  023.97561326 1 102
112  56.92413452  023.97560260  56.92424931  023.97559651 1 102
111  56.92425315  023.97587021 1 102
111  56.92425199  023.97624972
111  56.92415235  023.97832331
112  56.92472484  023.97674572  56.92512229  023.97628720
111  56.92557389  023.97648273 3
112  56.92559334  023.97606105  56.92560645  023.97578784 3 102
112  56.92580930  023.97587746  56.92597399  023.97590490 3 102
111  56.92848086  023.97631543
111  56.93001568  023.97656704 3 102
111  56.93023759  023.97660342 3
112  56.93037777  023.97689192  56.93036971  023.97716489 3
111  56.93034809  023.97769769 3
111  56.93105431  023.97777668 3
114  56.93107510  023.97715919  56.93108617  023.97677776 3
110 1 0.00 275.0000 TWY E
111  56.93045577  023.97286920
111  56.92871104  023.97258164 3 102
112  56.92931198  023.97285169  56.92941074  023.97299875 3 102
112  56.92941845  023.97341397  56.92941638  023.97352024 3 102
112  56.92934905  023.97520196  56.92933970  023.97535408 3 102
112  56.92863946  023.97592387  56.92803588  023.97582750
111  56.92863946  023.97592387
112  56.92863946  023.97592387  56.92804699  023.97600043
112  56.93070380  023.97629258  56.92988921  023.97600078
111  56.93070380  023.97629258
112  56.93070380  023.97629258  56.92971151  023.97616354 3 102
112  56.92960618  023.97521487  56.92962197  023.97467459
111  56.92960618  023.97521487
112  56.92960618  023.97521487  56.92961086  023.97508204 3 102
112  56.92968675  023.97357357  56.92969089  023.97347488 3 102
114  56.92988138  023.97296066  56.92999404  023.97285292 3 102
110 1 0.00 33.0000 TWY D
111  56.92512371  023.97198984
111  56.92226830  023.97151867 1 106
112  56.92405885  023.97241327  56.92447545  023.97285648 1 106
111  56.92584194  023.97457407 1 106
112  56.92596147  023.97511828  56.92589789  023.97547214 1 106
111  56.92556856  023.97544464
111  56.92670097  023.97562100 1 106
112  56.92618881  023.97507682  56.92613936  023.97462370 1 106
112  56.92594958  023.97432205  56.92580121  023.97411060 1 106
112  56.92481186  023.97276836  56.92438157  023.97217311 1 106
114  56.92462040  023.97202806  56.92473438  023.97200717 1 106
110 1 0.00 275.0000 TWY C
111  56.91805020  023.97082259
111  56.91630430  023.97053433 3 102
112  56.91692142  023.97078615  56.91702019  023.97093321 3 102
112  56.91702789  023.97131520  56.91702582  023.97142148 3 102
112  56.91694295  023.97316016  56.91693360  023.97331228 3 102
112  56.91624035  023.97392784  56.91563677  023.97383146
111  56.91624035  023.97392784
112  56.91624035  023.97392784  56.91564788  023.97400439
112  56.91829770  023.97426689  56.91748311  023.97397509
111  56.91829770  023.97426689
112  56.91829770  023.97426689  56.91730541  023.97413785 3 102
112  56.91720008  023.97317308  56.91721587  023.97263279
111  56.91720008  023.97317308
112  56.91720008  023.97317308  56.91720476  023.97304024 3 102
112  56.91728842  023.97144632  56.91729256  023.97134763 3 102
114  56.91747333  023.97089747  56.91757821  023.97077902 3 102
110 1 0.00 50.0000 TWY B (E)
112  56.91282643  023.97185904  56.91274719  023.97163224
112  56.91271502  023.97180258  56.91273104  023.97196373
111  56.91267867  023.97205249 3 102
112  56.91309911  023.97299523  56.91327929  023.97339170 3 102
111  56.91307137  023.97337616
111  56.91400071  023.97354686 3 102
114  56.91344029  023.97309488  56.91325209  023.97272067 3 102
110 1 0.00 75.0000 TWY B (W)
111  56.91332958  023.97004353
111  56.91175662  023.96978394 3 102
112  56.91229450  023.97019002  56.91235445  023.97049983 3 102
112  56.91251469  023.97152862  56.91257308  023.97178466 3 102
111  56.91267867  023.97205249
111  56.91282643  023.97185904 3 102
112  56.91267918  023.97137290  56.91264556  023.97118168 3 102
114  56.91273703  023.97040597  56.91292850  023.96999338 3 102
110 1 0.00 185.0000 TWY A (E)
111  56.91060589  023.97293322 3 102
112  56.91033708  023.97289196  56.91015996  023.97285794 3 102
112  56.90992266  023.97266044  56.90980783  023.97249289 3 102
112  56.90940734  023.97212102  56.90913757  023.97190143 3 102
112  56.90845702  023.97166400  56.90814640  023.97163791 3 102
112  56.90739414  023.97153391  56.90725498  023.97151039 3 102
112  56.90705559  023.97139258  56.90696138  023.97133768 3 102
112  56.90667081  023.97092735  56.90658935  023.97061695
112  56.90649993  023.97126059  56.90657973  023.97147089 3 102
112  56.90721678  023.97298330  56.90742765  023.97341259 3 102
112  56.90764307  023.97366582  56.90776064  023.97380475 3 102
112  56.90815937  023.97392805  56.90838694  023.97397668
111  56.90815937  023.97392805
112  56.90815937  023.97392805  56.90852658  023.97400230 3 102
111  56.90888348  023.97327573 3 102
112  56.90929710  023.97392486  56.90959072  023.97399146
111  56.90929710  023.97392486
112  56.90929710  023.97392486  56.90944249  023.97393630 3 102
112  56.90968339  023.97383641  56.90982066  023.97374870
111  56.90968339  023.97383641
112  56.90968339  023.97383641  56.90981786  023.97372821 3 102
112  56.91005026  023.97343140  56.91016405  023.97333035 3 102
113  56.91059506  023.97339477
111  56.90867003  023.97264655 3 102
112  56.90812654  023.97255110  56.90778407  023.97248974 3 102
111  56.90728152  023.97193750 3 102
114  56.90808931  023.97205340  56.90858069  023.97214203 3 102
111  56.90927776  023.97238422 3 102
112  56.90897252  023.97263648  56.90887945  023.97280011
111  56.90897252  023.97263648
112  56.90897252  023.97263648  56.90894646  023.97235695 3 102
111  56.90877150  023.97211832 3 102
114  56.90902424  023.97221453  56.90915081  023.97227589 3 102
111  56.90973185  023.97323613 3 102
112  56.90940121  023.97352107  56.90923741  023.97349857 3 102
113  56.90910944  023.97314614 3 102
110 1 0.00 95.0000 TWY A (W)
111  56.90638554  023.96889761 3 102
112  56.90632002  023.97026708  56.90630250  023.97076969 3 102
111  56.90649993  023.97126059
111  56.90667081  023.97092735 3 102
112  56.90654739  023.97028765  56.90653571  023.97006664 3 102
112  56.90661412  023.96942398  56.90668419  023.96898197 3 102
113  56.90710514  023.96901636
110 2 0.00 185.1400 BASE CONCRETE
111  56.93509859  023.97363844
111  56.90626718  023.96888445
112  56.90620973  023.97064431  56.90619463  023.97152326
111  56.90620973  023.97064431
112  56.90620973  023.97064431  56.90654665  023.97220743
112  56.90767141  023.97392234  56.90797033  023.97414733
112  56.90847274  023.97401640  56.90866334  023.97389300
111  56.90885127  023.97353091
112  56.90908190  023.97398442  56.90920475  023.97411941
112  56.90950230  023.97409184  56.90962514  023.97406185
112  56.90995292  023.97374122  56.91015974  023.97348869
111  56.91038021  023.97350877
112  56.92369131  023.97576949  56.92391690  023.97580299
112  56.92426339  023.97575737  56.92443042  023.97580673
112  56.92557552  023.97713968  56.92580533  023.97718145
111  56.92557552  023.97713968
112  56.92561652  023.97610291  56.92562265  023.97600400
111  56.92567715  023.97601257
111  56.92848994  023.97651745
112  56.92916509  023.97713323  56.92915698  023.97770544
112  56.92914095  023.97818052  56.92913179  023.97832733
112  56.92892351  023.97844917  56.92876098  023.97837786
111  56.92878825  023.97767943
111  56.92555565  023.97714601
111  56.92372763  023.97879731
111  56.92790702  023.97946844
111  56.92780240  023.98424461
112  56.92868436  023.98429011  56.92937768  023.98433134
111  56.93176691  023.98468008
111  56.93183216  023.98334031
112  56.93170641  023.98274252  56.93159538  023.98258393
111  56.93144780  023.98281676
112  56.92951722  023.98247119  56.92934630  023.98244228
111  56.92936192  023.98215923
111  56.92942434  023.98062221
111  56.92943215  023.98040230
111  56.92945608  023.97972868
111  56.92946332  023.97952490
111  56.92951061  023.97819369
112  56.92963674  023.97695750  56.92976698  023.97667532
111  56.92995290  023.97666849
111  56.93024400  023.97670582
112  56.93031903  023.97688173  56.93031524  023.97706547
111  56.93029162  023.97776662
111  56.93110165  023.97785483
112  56.93122600  023.97700952  56.93132882  023.97700895
112  56.93171349  023.97768931  56.93185127  023.97783261
112  56.93241069  023.97776125  56.93255253  023.97758010
111  56.93262222  023.97737498
112  56.93288663  023.97784663  56.93301952  023.97805684
112  56.93394040  023.97760367  56.93428481  023.97686169
112  56.93448998  023.97637983  56.93465085  023.97606657
114  56.93500483  023.97548692  56.93502494  023.97517980
112  56.93407128  023.97366793  56.93429699  023.97371289
112  56.93458248  023.97385968  56.93465608  023.97399457
112  56.93466546  023.97433960  56.93465654  023.97461837
112  56.93442035  023.97545708  56.93422898  023.97578752
112  56.93391818  023.97571550  56.93374437  023.97569611
112  56.93264583  023.97556856  56.93224260  023.97555439
112  56.93161818  023.97600900  56.93130292  023.97619603
112  56.93082135  023.97615869  56.93064131  023.97614853
112  56.93010006  023.97599671  56.92984862  023.97584725
112  56.92971110  023.97522621  56.92971110  023.97479175
112  56.92980316  023.97346884  56.92981991  023.97321088
114  56.93038641  023.97306071  56.93092521  023.97312654
112  56.92525068  023.97220852  56.92568636  023.97227551
112  56.92871987  023.97278771  56.92901325  023.97284347
112  56.92922070  023.97300816  56.92926416  023.97306391
112  56.92930934  023.97343493  56.92930282  023.97366989
112  56.92924550  023.97523480  56.92921711  023.97572524
112  56.92852709  023.97569816  56.92836083  023.97567586
112  56.92667313  023.97542304  56.92654036  023.97539787
112  56.92628698  023.97492705  56.92625435  023.97456843
112  56.92599157  023.97414358  56.92584075  023.97392250
114  56.92470093  023.97231424  56.92470398  023.97217467
112  56.91815623  023.97106181  56.91867979  023.97116068
112  56.92218175  023.97171746  56.92281395  023.97183592
112  56.92419262  023.97288273  56.92455182  023.97330392
112  56.92567629  023.97465790  56.92610278  023.97520589
112  56.92519714  023.97514967  56.92482913  023.97507774
112  56.91812174  023.97399461  56.91733370  023.97381663
112  56.91731702  023.97313309  56.91732781  023.97270792
114  56.91739731  023.97155951  56.91743383  023.97098472
111  56.91334140  023.97024630
112  56.91634242  023.97072087  56.91694155  023.97081974
111  56.91690376  023.97134375
111  56.91683359  023.97313329
112  56.91624527  023.97378583  56.91567313  023.97371662
111  56.91402149  023.97341012
112  56.91348713  023.97294543  56.91320107  023.97243131
111  56.91288801  023.97176889
114  56.91275847  023.97060223  56.91294199  023.97015731
112  56.90706042  023.96920768  56.90729198  023.96924030
112  56.91167355  023.96996301  56.91220810  023.97005755
111  56.91223430  023.97052734
112  56.91245526  023.97176764  56.91256880  023.97225786
112  56.91284245  023.97275086  56.91295213  023.97299083
112  56.91276526  023.97315321  56.91231739  023.97306950
112  56.91040223  023.97273999  56.90995984  023.97265896
112  56.90938281  023.97191114  56.90903996  023.97164781
112  56.90851574  023.97145820  56.90820700  023.97139295
112  56.90746028  023.97132995  56.90717529  023.97128645
112  56.90682528  023.97090593  56.90664123  023.97050360
114  56.90666839  023.96989635  56.90673964  023.96933091
111  56.93390537  023.97632388
112  56.93338323  023.97662899  56.93314865  023.97660125
111  56.93284218  023.97656658
114  56.93337188  023.97628227  56.93370862  023.97631001
111  56.93262436  023.97616135
112  56.93257747  023.97624349  56.93255685  023.97629167
111  56.93254022  023.97635584
112  56.93246580  023.97626446  56.93241463  023.97621757
111  56.93236114  023.97619610
114  56.93251617  023.97617131  56.93256307  023.97616610
111  56.93226352  023.97699709
112  56.93202326  023.97718084  56.93189272  023.97717044
113  56.93176030  023.97692428
111  56.90849444  023.97246538
112  56.90810797  023.97240018  56.90787914  023.97235827
111  56.90757404  023.97209284
114  56.90809017  023.97219995  56.90829358  023.97224186
111  56.90910203  023.97236533
111  56.90900595  023.97245223
113  56.90894190  023.97227843
111  56.90954615  023.97331979
112  56.90940284  023.97342139  56.90933350  023.97341292
113  56.90928033  023.97328168
110 5 0.00 275.0000 New Taxiway 32
112  56.91376673  023.97500732  56.91374534  023.97567278
111  56.91370051  023.97705010
111  56.91422813  023.97714717
112  56.91431633  023.97507205  56.91434894  023.97418462
113  56.91336822  023.97397838
110 2 0.00 135.0000 New Taxiway 12
111  56.93026781  023.96835293
111  56.93013895  023.96860022
112  56.93036371  023.96899536  56.93048403  023.96919500
111  56.93049133  023.96996067
112  56.93090492  023.96934570  56.93128479  023.96927527
111  56.93090492  023.96934570
114  56.93058012  023.96894777  56.93037201  023.96864385
110 2 0.00 95.1400 New Taxiway 11
111  56.93510858  023.97009771
111  56.93090492  023.96934570
112  56.93049133  023.96996067  56.93045647  023.97064002
112  56.93041136  023.97129218  56.93037968  023.97175670
111  56.92981498  023.97201602
111  56.93121217  023.97224634
112  56.93063643  023.97128467  56.93065227  023.97079692
112  56.93069160  023.97019582  56.93072645  023.96970807
111  56.93102244  023.96975983
111  56.93458439  023.97035655
112  56.93452839  023.97160853  56.93451399  023.97189888
112  56.93481732  023.97227669  56.93480004  023.97262511
111  56.93439650  023.97277089
111  56.93503177  023.97287371
112  56.93505583  023.97243543  56.93506850  023.97220896
112  56.93540206  023.97193723  56.93541790  023.97167592
114  56.93546465  023.97062581  56.93548194  023.97025628
110 2 0.00 102.0000 New Taxiway 10
111  56.92512550  023.96625700
112  56.92505718  023.96639549  56.92503438  023.96652810
111  56.92502773  023.96657505
111  56.92549833  023.96671963
112  56.92986645  023.96838784  56.93009366  023.96847962
111  56.93013895  023.96860022
111  56.93026781  023.96835293
114  56.93002195  023.96811491  56.92988513  023.96806119
110 5 0.00 95.1400 New Taxiway 13
112  56.93074896  023.96969931  56.93095982  023.96943936
112  56.93117834  023.96939018  56.93088314  023.96933397
112  56.93026973  023.96835742  56.93007421  023.96805532
111  56.93013249  023.96860201
114  56.93048807  023.96997237  56.93045740  023.97054144
110 5 0.00 185.1400 New Taxiway 8
111  56.92093314  023.96674445
111  56.92050514  023.96675507
111  56.92048380  023.96680843
112  56.92062560  023.96724225  56.92061705  023.96754663
112  56.92049705  023.97000908  56.92048515  023.97024023
111  56.92027775  023.97026405
112  56.92055755  023.97039001  56.92091922  023.97045049
111  56.92081755  023.97036449
112  56.92067417  023.96999363  56.92068607  023.96969270
114  56.92080490  023.96712722  56.92082078  023.96680493
110 2 0.00 185.1400 New Taxiway 7
111  56.91690273  023.96970153
111  56.91759719  023.96981597
111  56.91736993  023.96964377
111  56.91746842  023.96743712
111  56.91721284  023.96733173
113  56.91711104  023.96962776
110 2 0.00 95.1400 New Taxiway 7
111  56.91637639  023.96980132
111  56.91800940  023.97007058
112  56.91746681  023.96935115  56.91747991  023.96906333
112  56.91753617  023.96794096  56.91756236  023.96752842
111  56.91758445  023.96748484
111  56.91697335  023.96723298
112  56.91689384  023.96868216  56.91688075  023.96889472
111  56.91706383  023.96890778
114  56.91704557  023.96927278  56.91702724  023.96958459
110 1 0.00 274.0000 New Taxiway 6
111  56.91226585  023.96912406
111  56.91290908  023.96923044
112  56.91266890  023.96908461  56.91261480  023.96903308
111  56.91258207  023.96895861
111  56.91242395  023.96890661
111  56.91239164  023.96851649
111  56.91236641  023.96860578
112  56.91238670  023.96845680  56.91239234  023.96840857
111  56.91238069  023.96838424
112  56.91236451  023.96830994  56.91235636  023.96832601
111  56.91234874  023.96834628
111  56.91235093  023.96824752
113  56.91231466  023.96808089
110 2 0.00 133.0000 New Taxiway 5
111  56.91274769  023.96751525
111  56.91262621  023.96728746
111  56.91248658  023.96756439
113  56.91261356  023.96779698
110 2 0.00 274.0000 New Taxiway 4
111  56.91257964  023.96872595
111  56.91263004  023.96768954
111  56.91250912  023.96767276
113  56.91247189  023.96871061
110 2 0.00 52.0000 New Taxiway 3
111  56.91265380  023.96882752
111  56.91256753  023.96861569
111  56.91249686  023.96870143
113  56.91259231  023.96891998
110 2 0.00 208.0000 New Taxiway 2
111  56.91286147  023.96900913
111  56.91255255  023.96871429
111  56.91251353  023.96885724
113  56.91282083  023.96912528
110 2 0.00 358.0000 New Taxiway 1
111  56.92512550  023.96625700
111  56.92344246  023.96628023
111  56.91683856  023.96660840
111  56.91278429  023.96680492
111  56.91234096  023.96682246
111  56.91221969  023.96911644
111  56.91338546  023.96930856
112  56.91258277  023.96864628  56.91259359  023.96835294
112  56.91261521  023.96796085  56.91262921  023.96772665
112  56.91271803  023.96757551  56.91275992  023.96750836
112  56.91302440  023.96738365  56.91323650  023.96737406
111  56.91695942  023.96722723
111  56.91758419  023.96748486
111  56.92042594  023.96737040
111  56.92043544  023.96692925
111  56.92050515  023.96675511
111  56.92186308  023.96672137
113  56.92502773  023.96657505
110 5 0.00 95.1400 New Taxiway 0
112  56.92085409  023.97031785  56.92107645  023.97034595
112  56.92212630  023.97045433  56.92227779  023.97045433
112  56.92255657  023.97051294  56.92262095  023.97055554
112  56.92271291  023.97057947  56.92277730  023.97058275
112  56.92270559  023.97047627  56.92265372  023.97046644
112  56.92258259  023.97040454  56.92254146  023.97038160
112  56.92221810  023.97033818  56.92197845  023.97031197
111  56.92221810  023.97033818
112  56.92221810  023.97033818  56.92192139  023.97033359
112  56.92134947  023.97019581  56.92113862  023.97017473
112  56.92084921  023.96997430  56.92080320  023.96984085
112  56.92070926  023.96947583  56.92071412  023.96930337
112  56.92064009  023.96899330  56.92056251  023.96897248
112  56.92051731  023.96938221  56.92050648  023.96954378
112  56.92041328  023.96979435  56.92036418  023.96990417
112  56.92012047  023.96992206  56.91994335  023.96988343
112  56.91941116  023.96987707  56.91931166  023.96986747
112  56.91855976  023.96971906  56.91829267  023.96965190
112  56.91761889  023.96961408  56.91742773  023.96956611
112  56.91700069  023.96927055  56.91666669  023.96930454
112  56.91641591  023.96934074  56.91629530  023.96931525
112  56.91530768  023.96914187  56.91509159  023.96912271
112  56.91465443  023.96900323  56.91442789  023.96897131
112  56.91397663  023.96895985  56.91381178  023.96895283
112  56.91350592  023.96892901  56.91334107  023.96895710
112  56.91314428  023.96895318  56.91301908  023.96893352
112  56.91271232  023.96883872  56.91254062  023.96878958
112  56.91277968  023.96898266  56.91294243  023.96902198
111  56.91673688  023.96959957
114  56.91781391  023.96980517  56.91803125  023.96981476
110 2 0.35 278.1500 xxx
111  56.93228203  023.97069196
111  56.93235786  023.96972155
111  56.93224653  023.96969233
113  56.93217070  023.97066274
110 2 0.35 280.7500 xxx
111  56.92613084  023.96670852
111  56.92623061  023.96574558
111  56.92612012  023.96570714
113  56.92602035  023.96667008
110 2 0.35 268.4500 xxx
111  56.92086636  023.96644729
111  56.92085189  023.96546764
111  56.92073947  023.96547321
113  56.92075394  023.96645286
110 2 0.35 268.4500 xxx
111  56.92380701  023.96873371
111  56.92377117  023.96630703
111  56.92365875  023.96631260
113  56.92369459  023.96873929
110 2 0.35 209.1500 xxx
111  56.92433810  023.96279651
111  56.92341331  023.96185142
111  56.92330643  023.96220258
111  56.92421221  023.96312826
114  56.92443280  023.96316235  56.92448559  023.96303829
110 2 0.35 281.1500 xxx
111  56.92808488  023.95882827
111  56.92830141  023.95681507
111  56.92808611  023.95673731
111  56.92790554  023.95841622
112  56.92790331  023.95867004  56.92793176  023.95874745
113  56.92799862  023.95877971
110 2 0.35 197.1500 xxx
111  56.93034546  023.96010528
111  56.92799935  023.95877847
111  56.92776587  023.95906729
113  56.93028076  023.96048954
110 2 0.35 326.1500 xxx
111  56.92442788  023.96317320
111  56.92634310  023.96081880
112  56.92653340  023.96098898  56.92662176  023.96088595
111  56.92652456  023.96059573
111  56.92734031  023.95959292
112  56.92753307  023.95973787  56.92761756  023.95963518
111  56.92752345  023.95936779
111  56.92809042  023.95867079
111  56.92815327  023.95810842
111  56.92594112  023.96082780
112  56.92575278  023.96069658  56.92567225  023.96080089
111  56.92575846  023.96105234
111  56.92508144  023.96188459
112  56.92489758  023.96179898  56.92481996  023.96190396
111  56.92489859  023.96210937
113  56.92430849  023.96283475
110 2 0.35 233.1500 xxx
111  56.92519948  023.96217719
111  56.92446909  023.96039143
111  56.92429350  023.96063257
113  56.92502389  023.96241833
110 2 0.35 236.1500 xxx
111  56.92605628  023.96114460
111  56.92537790  023.95929120
111  56.92519565  023.95951518
113  56.92587404  023.96136858
110 2 0.35 236.1500 xxx
111  56.92709881  023.96216274
111  56.92642042  023.96030927
111  56.92623818  023.96053326
113  56.92691657  023.96238673
110 2 0.35 236.1500 xxx
111  56.92808886  023.96091206
111  56.92741047  023.95905855
111  56.92722823  023.95928254
113  56.92790661  023.96113606
110 2 0.35 140.1500 xxx
112  56.92401180  023.96564483  56.92405770  023.96506757
111  56.92401180  023.96564483
112  56.92401180  023.96564483  56.92395384  023.96624296
111  56.92366295  023.96627839
113  56.92407665  023.96628412
110 2 0.35 53.1500 xxx
111  56.92408216  023.96628502
111  56.92445114  023.96627030
112  56.92422786  023.96570458  56.92424977  023.96519422
111  56.92422786  023.96570458
114  56.92422786  023.96570458  56.92418926  023.96621303
110 2 0.35 278.1500 xxx
111  56.92418267  023.96631060
111  56.92443193  023.96312141
111  56.92421471  023.96306440
111  56.92411638  023.96432243
112  56.92393541  023.96448686  56.92391989  023.96467485
111  56.92408527  023.96472058
113  56.92396545  023.96625359
110 2 0.35 188.1500 xxx
111  56.92418704  023.96434167
111  56.92298145  023.96402531
111  56.92295034  023.96442333
113  56.92415593  023.96473969
110 2 0.35 185.1500 xxx
111  56.92547773  023.96350339
111  56.92472099  023.96337842
111  56.92462965  023.96523561
113  56.92538639  023.96536058
110 2 0.35 200.1500 xxx
111  56.92524923  023.96400998
111  56.92440679  023.96344270
111  56.92433415  023.96382302
113  56.92517363  023.96438746
110 5 0.00 95.1400 New Taxiway 24
112  56.93541127  023.97171504  56.93545966  023.97070530
112  56.93452903  023.97155812  56.93448436  023.97255421
114  56.93490872  023.97267702  56.93531076  023.97273842
110 2 0.00 185.1400 New Taxiway 53
112  56.92421615  023.97630739  56.92419301  023.97674197
112  56.92413416  023.97813815  56.92411932  023.97833100
111  56.92402708  023.97834373
111  56.92372153  023.97830073
112  56.92361634  023.97805562  56.92362579  023.97783805
112  56.92371935  023.97609797  56.92375406  023.97579058
111  56.92385721  023.97560280
112  56.92362687  023.97611023  56.92358926  023.97669321
112  56.92354488  023.97812876  56.92353813  023.97839578
111  56.92372423  023.97844797
111  56.92400606  023.97848552
111  56.92418541  023.97834470
112  56.92427855  023.97630739  56.92431615  023.97565022
113  56.92417896  023.97557585
110 2 0.00 275.0000 New Taxiway 54
112  56.91910746  023.97475499  56.91944010  023.97515773
111  56.91938007  023.97573794
112  56.91730627  023.97543445  56.91708297  023.97537098
112  56.91745440  023.97450289  56.91781640  023.97438307
112  56.91665334  023.97439868  56.91695566  023.97476479
112  56.91657775  023.97563094  56.91640353  023.97562155
112  56.91609591  023.97558800  56.91594192  023.97555273
111  56.91609591  023.97558800
112  56.91609591  023.97558800  56.91589853  023.97556863
112  56.91620806  023.97422382  56.91647861  023.97416188
111  56.91620806  023.97422382
112  56.91620806  023.97422382  56.91592971  023.97412649
111  56.91503409  023.97411210
111  56.91471511  023.97433122
112  56.91450245  023.97491552  56.91448941  023.97535740
111  56.91474169  023.97562155
111  56.91653596  023.97591370
111  56.91730683  023.97569459
111  56.91952641  023.97608412
111  56.91957958  023.97549982
113  56.91939350  023.97489117
112  56.91498326  023.97436058  56.91508318  023.97437503
112  56.91512525  023.97464959  56.91512525  023.97479892
112  56.91510947  023.97523725  56.91510159  023.97536731
112  56.91500692  023.97541548  56.91494644  023.97541066
112  56.91477027  023.97538658  56.91469927  023.97537213
112  56.91466245  023.97516018  56.91464668  023.97505421
114  56.91468612  023.97462551  56.91477027  023.97445692
110 1 0.00 130.0000 New Taxiway 19
112  56.92316248  023.98072213  56.92317162  023.98061749
112  56.92308417  023.98070928  56.92307503  023.98085160
112  56.92298823  023.98093322  56.92295168  023.98101693
111  56.92294482  023.98093113
112  56.92286372  023.98158409  56.92291055  023.98135807
114  56.92307389  023.98104832  56.92312529  023.98093112
110 1 0.00 112.0000 New Taxiway 18
112  56.92282232  023.98094981  56.92282213  023.98106552
112  56.92270735  023.98170234  56.92266374  023.98197234
112  56.92248174  023.98277499  56.92241274  023.98304008
112  56.92229240  023.98349617  56.92225623  023.98362742
112  56.92241267  023.98357243  56.92247792  023.98333722
112  56.92266646  023.98259147  56.92273101  023.98231822
112  56.92286459  023.98158413  56.92290688  023.98133128
114  56.92294646  023.98102595  56.92294862  023.98075433
110 1 0.00 45.0000 New Taxiway 17
111  56.92172864  023.98162892
111  56.92167770  023.98177214
111  56.92162471  023.98243668
112  56.92200105  023.98250478  56.92206668  023.98250589
112  56.92217007  023.98279975  56.92218532  023.98314286
112  56.92212822  023.98339820  56.92209825  023.98356103
112  56.92221246  023.98358815  56.92225768  023.98344159
112  56.92230389  023.98286830  56.92230596  023.98258819
111  56.92230389  023.98286830
112  56.92230389  023.98286830  56.92231727  023.98239482
114  56.92199866  023.98199216  56.92182541  023.98171926
111  56.92198938  023.98233054
111  56.92188347  023.98232882
111  56.92178689  023.98214047
111  56.92179416  023.98198637
114  56.92192500  023.98213096  56.92197277  023.98222989
110 1 0.00 0.0000 New Taxiway 16
111  56.92254752  023.98250170
112  56.92241733  023.98260725  56.92232119  023.98261147
111  56.92226385  023.98247945
112  56.92229161  023.98262066  56.92229923  023.98268187
111  56.92230129  023.98272936
112  56.92239075  023.98279116  56.92246298  023.98279774
113  56.92249482  023.98272895
110 1 0.00 20.0000 New Taxiway 14
111  56.92172888  023.98162904
112  56.92153632  023.98144305  56.92149257  023.98140980
112  56.92133127  023.98132958  56.92123659  023.98128117
111  56.92108636  023.98111430
112  56.92095449  023.98122971  56.92097721  023.98132798
112  56.92107558  023.98137315  56.92111419  023.98139045
112  56.92130064  023.98148101  56.92139246  023.98153918
112  56.92162384  023.98172773  56.92165084  023.98174866
113  56.92167770  023.98177214
110 1 0.00 25.0000 New Taxiway 13
112  56.92133864  023.98126759  56.92128435  023.98121919
112  56.92114685  023.98097569  56.92111720  023.98088421
112  56.92114217  023.98071074  56.92115246  023.98065414
111  56.92120447  023.98061942
112  56.92113819  023.98060560  56.92111827  023.98057338
111  56.92113473  023.98046610
112  56.92105079  023.98080396  56.92097458  023.98112409
112  56.92133116  023.98133112  56.92144194  023.98138830
113  56.92155533  023.98146403
110 1 0.00 55.0000 New Taxiway 12
112  56.92282359  023.98101255  56.92287878  023.98065405
112  56.92256671  023.98039440  56.92251988  023.98038521
111  56.92249857  023.98174173
112  56.92259787  023.98182140  56.92266124  023.98177517
114  56.92271439  023.98169432  56.92273111  023.98159933
112  56.92261151  023.98150082  56.92264370  023.98160356
111  56.92260528  023.98163590
111  56.92253986  023.98168918
113  56.92255336  023.98132008
110 1 0.00 350.0000 New Taxiway 11
112  56.92138287  023.98017503  56.92133967  023.98016676
112  56.92113308  023.98047091  56.92105718  023.98072661
112  56.92122368  023.98060549  56.92129468  023.98054717
114  56.92136058  023.98070823  56.92137412  023.98084645
110 1 0.00 350.0000 New Taxiway 10
111  56.92259787  023.98182140
111  56.92249900  023.98174124
111  56.92231869  023.98186869
111  56.92208154  023.98187309
112  56.92216451  023.98196007  56.92221435  023.98200192
114  56.92235733  023.98199655  56.92240925  023.98196231
110 1 0.00 40.0000 New Taxiway 9
111  56.92235881  023.98199614
112  56.92208506  023.98187122  56.92204697  023.98179068
111  56.92184536  023.98133878
111  56.92133708  023.98127007
112  56.92172333  023.98162595  56.92183443  023.98174200
112  56.92199382  023.98199016  56.92202347  023.98203624
114  56.92219261  023.98204987  56.92230028  023.98205342
110 1 0.00 45.0000 New Taxiway 8
112  56.92294915  023.98064606  56.92295041  023.98055858
112  56.92282517  023.98020523  56.92273596  023.98005098
112  56.92266183  023.98002336  56.92263042  023.98000264
112  56.92257122  023.97991370  56.92252347  023.97990623
112  56.92261371  023.98021782  56.92266866  023.98022749
112  56.92275983  023.98036177  56.92282140  023.98046767
114  56.92281988  023.98064606  56.92281988  023.98077268
110 1 0.00 165.0000 New Taxiway 7
112  56.92148287  023.97974386  56.92141680  023.97973312
112  56.92127949  023.97978886  56.92120787  023.97981878
112  56.92110237  023.97994176  56.92105814  023.97999494
111  56.92117796  023.98009249
112  56.92132559  023.97997988  56.92135449  023.97998448
113  56.92136881  023.98000658
110 1 0.00 125.0000 New Taxiway 6
112  56.92117796  023.98009249  56.92121804  023.98005450
111  56.92110237  023.97994176
112  56.92099666  023.98013781  56.92094869  023.98028012
111  56.92094732  023.98036275
112  56.92097420  023.98041003  56.92100262  023.98039829
111  56.92106368  023.98038262
114  56.92110671  023.98020390  56.92114153  023.98011981
110 1 0.00 95.0000 New Taxiway 5
111  56.92322205  023.97915199
111  56.92298797  023.97911785
111  56.92295903  023.98005808
112  56.92303916  023.98030686  56.92305920  023.98039250
112  56.92308591  023.98058826  56.92308591  023.98067390
111  56.92308591  023.98071469
111  56.92316248  023.98072213
114  56.92321278  023.97983786  56.92322695  023.97950418
110 1 0.00 95.0000 New Taxiway 4
111  56.92106368  023.98038262
111  56.92094732  023.98036275
112  56.92093472  023.98080617  56.92093238  023.98086620
112  56.92090913  023.98098909  56.92091147  023.98105055
111  56.92095449  023.98122971
111  56.92111222  023.98109178
114  56.92104944  023.98071741  56.92105864  023.98043430
110 1 0.00 95.0000 New Taxiway 3
111  56.92294915  023.98064606
111  56.92281988  023.98064606
111  56.92281988  023.98101123
113  56.92294646  023.98102603
110 1 0.00 185.0000 New Taxiway 2
111  56.92256671  023.98039440
111  56.92138287  023.98017503
111  56.92133708  023.98127007
111  56.92184490  023.98134185
111  56.92208191  023.98187479
111  56.92231892  023.98186986
113  56.92249937  023.98174155
110 1 0.00 185.0000 New Taxiway 1
111  56.92257122  023.97991370
111  56.92148287  023.97974386
111  56.92136881  023.98000658
113  56.92261371  023.98021782
110 1 0.00 184.0000 New Taxiway 51
111  56.92353836  023.98045204
111  56.92318194  023.98040993
111  56.92316248  023.98072213
112  56.92325341  023.98055092  56.92332924  023.98056114
113  56.92353496  023.98057663
130 Airport Boundary
111  56.94629217  023.97513557
111  56.94618983  023.97494800
111  56.94582433  023.97489441
111  56.94559041  023.97459966
111  56.94542959  023.97414414
111  56.94525415  023.97366183
111  56.94485941  023.97320630
111  56.94453777  023.97307233
111  56.94376291  023.97299194
111  56.94300267  023.97283117
111  56.94257869  023.97269719
111  56.94190617  023.97267040
111  56.94133599  023.97248283
111  56.94034183  023.97170577
111  56.93867118  023.97059183
111  56.93732880  023.96961748
111  56.93695666  023.96939825
111  56.93650477  023.96947133
111  56.93601300  023.97010466
111  56.93589497  023.97021612
111  56.93543733  023.97021612
111  56.93523476  023.97007863
111  56.93476962  023.96967989
111  56.93405689  023.96934991
111  56.93384683  023.96892367
111  56.93239968  023.96888355
111  56.93180054  023.96857246
111  56.92898979  023.96728323
111  56.92650691  023.96620543
111  56.92654784  023.96546810
111  56.92626138  023.96529315
111  56.92603631  023.96596798
111  56.92433681  023.96555050
111  56.92440502  023.96523808
111  56.92540079  023.96541304
111  56.92555083  023.96341355
111  56.92453460  023.96326359
111  56.92631974  023.96120186
111  56.92680665  023.96227544
111  56.92698820  023.96245689
111  56.92713675  023.96218472
111  56.92675713  023.96095993
111  56.92685616  023.96061215
111  56.92734307  023.96003756
111  56.92751637  023.96023413
111  56.92788774  023.96118674
111  56.92803629  023.96118674
111  56.92811056  023.96088432
111  56.92775957  023.95967311
111  56.92780950  023.95939867
111  56.92807911  023.95936208
111  56.93012617  023.96053300
111  56.93017610  023.96106358
111  56.93030591  023.96106358
111  56.93036583  023.96018538
111  56.93076503  023.95999498
111  56.93073502  023.95967878
111  56.93023236  023.95991249
111  56.92852933  023.95901891
111  56.92821423  023.95866148
111  56.92834177  023.95659936
111  56.92801916  023.95647564
111  56.92769656  023.95723175
111  56.92784661  023.95845527
111  56.92600830  023.96055398
111  56.92571570  023.95953674
111  56.92534059  023.95920683
111  56.92479291  023.95934429
111  56.92421643  023.96036688
111  56.92330602  023.96172678
111  56.92320616  023.96236710
111  56.92332599  023.96377582
111  56.92294653  023.96405025
111  56.92292656  023.96450762
111  56.92367549  023.96501989
111  56.92394510  023.96544067
111  56.92376536  023.96562362
111  56.92105630  023.96575835
111  56.92103633  023.96519123
111  56.92093647  023.96502658
111  56.92069682  023.96504488
111  56.92063690  023.96517293
111  56.92060694  023.96581323
111  56.91825141  023.96580891
111  56.91661377  023.96580891
111  56.91481027  023.96636436
111  56.91445142  023.96646174
111  56.91338815  023.96648608
111  56.91309630  023.96639636
111  56.91277466  023.96613129
111  56.91217963  023.96598402
111  56.90114934  023.96416714
111  56.90029313  023.96404957
111  56.89971519  023.96436310
111  56.89903023  023.96510774
111  56.89834527  023.96593077
111  56.89813122  023.96647946
111  56.89806700  023.96769440
111  56.89836667  023.96843905
111  56.89980082  023.96961480
111  56.90303299  023.97016348
111  56.90749746  023.97395701
111  56.90802909  023.97428893
111  56.91310380  023.97510764
111  56.91341084  023.97720136
111  56.91494863  023.97756715
111  56.91490869  023.97952407
111  56.92086887  023.98055552
111  56.92085980  023.98117079
111  56.92093242  023.98133708
111  56.92103228  023.98145349
111  56.92133466  023.98155241
111  56.92164804  023.98180069
111  56.92194871  023.98226620
111  56.92211387  023.98259982
111  56.92233832  023.98281706
111  56.92244843  023.98282482
111  56.92266610  023.98275176
111  56.92298109  023.98139233
111  56.92325058  023.98075109
111  56.92402497  023.98093551
111  56.92438367  023.98021259
111  56.92479360  023.98034403
111  56.92479873  023.98136738
111  56.92780507  023.98185724
111  56.92776339  023.98468274
111  56.92825040  023.98480673
111  56.92856413  023.98536910
111  56.93084894  023.98603146
111  56.93112490  023.98587268
111  56.93178213  023.98469105
111  56.93259978  023.98441404
111  56.93268997  023.98427976
111  56.93274633  023.98394922
111  56.93271815  023.98375297
111  56.93258851  023.98357737
111  56.93245886  023.98339144
111  56.93240813  023.98313321
111  56.93250396  023.98281300
111  56.93280697  023.98228665
111  56.93281605  023.98158800
111  56.93257094  023.98143829
111  56.93237123  023.98117214
111  56.93215336  023.98063983
111  56.93204443  023.97970830
111  56.93200812  023.97907619
111  56.93225322  023.97866033
111  56.94021434  023.97678320
111  56.94231717  023.97650827
111  56.94471179  023.97731936
111  56.94494246  023.97735962
111  56.94525002  023.97707776
111  56.94545872  023.97617177
111  56.94560151  023.97593017
113  56.94629184  023.97544025
120 Linear Feature 3
111  56.93395153  023.97307044 51
112  56.93438042  023.97313044  56.93478521  023.97319044 51
112  56.93486497  023.97407850  56.93485902  023.97432943 51
112  56.93483551  023.97493055  56.93481467  023.97544877 51
111  56.93456704  023.97572260
112  56.93456704  023.97572260  56.93430094  023.97604637 51
112  56.93376491  023.97605262  56.93326792  023.97598662 51
112  56.93286452  023.97592197  56.93230497  023.97583469 51
112  56.93188187  023.97619429  56.93185474  023.97621532
111  56.93188187  023.97619429
112  56.93188187  023.97619429  56.93179528  023.97626312 51
112  56.93155591  023.97645402  56.93146724  023.97652093
111  56.93155591  023.97645402
112  56.93155591  023.97645402  56.93151627  023.97648269 51
112  56.93103795  023.97652658  56.93072103  023.97648698 51
112  56.92432366  023.97543133  56.92394551  023.97536535 51
112  56.91869243  023.97450913  56.91832813  023.97444767 51
112  56.91040978  023.97316609  56.91003109  023.97310463 51
112  56.90965576  023.97259245  56.90951675  023.97239930 51
112  56.90839715  023.97185946  56.90754304  023.97174772 51
112  56.90737162  023.97171525  56.90728014  023.97170036 51
112  56.90672576  023.97138832  56.90659152  023.97111850 51
112  56.90653852  023.97097167  56.90650578  023.97086374 51
112  56.90643307  023.97014118  56.90646581  023.96967349 51
111  56.90649107  023.96933966 51
116  56.90701835  023.96863471  56.90747671  023.96870666
120 Linear Feature 4
111  56.92945822  023.97546469 51
112  56.92895780  023.97619369  56.92850128  023.97613446
111  56.92895780  023.97619369
112  56.92895780  023.97619369  56.92941353  023.97627820 51
111  56.92937023  023.97721234 51
112  56.92984047  023.97633704  56.93025899  023.97638911
111  56.92984047  023.97633704
114  56.92984047  023.97633704  56.92942354  023.97626101 51
120 Linear Feature 38
112  56.90813490  023.97182489  56.90907489  023.97196587 51
112  56.90928930  023.97368449  56.90974018  023.97376043
111  56.90928930  023.97368449
112  56.90928930  023.97368449  56.90988561  023.97378604 51
116  56.91040978  023.97316609  56.91111682  023.97327148
120 Linear Feature 37
112  56.90965576  023.97259245  56.90924452  023.97208428 51
112  56.90814840  023.97362500  56.90768266  023.97357963 51
116  56.90672576  023.97138832  56.90616588  023.97011791
120 Linear Feature 36
111  56.91040978  023.97316609 51
112  56.90893175  023.97292391  56.90753515  023.97270365 51
116  56.90672576  023.97138832  56.90612024  023.97022445
120 Linear Feature 35
112  56.93103795  023.97652658  56.93158297  023.97660912 51
112  56.93202384  023.97746819  56.93242022  023.97752598 51
112  56.93257219  023.97674298  56.93263975  023.97652836 51
116  56.93376491  023.97605262  56.93482666  023.97619764
120 Linear Feature 34
112  56.93155591  023.97645402  56.93192268  023.97627897 51
112  56.93233385  023.97648991  56.93265591  023.97669876 51
112  56.93330616  023.97753087  56.93368272  023.97754903
111  56.93330616  023.97753087
112  56.93330616  023.97753087  56.93376742  023.97755680 51
116  56.93456704  023.97572260  56.93497725  023.97511016
120 Linear Feature 33
111  56.93103795  023.97652658 51
112  56.93339930  023.97686323  56.93391615  023.97694217 51
116  56.93456704  023.97572260  56.93485315  023.97537865
120 Linear Feature 25
111  56.91717662  023.97134890 51
115  56.91690967  023.97673776
120 Linear Feature 4
111  56.91707344  023.97343182 51
112  56.91657392  023.97416456  56.91611740  023.97410533
111  56.91657392  023.97416456
112  56.91657392  023.97416456  56.91702964  023.97424906 51
111  56.91700685  023.97476458 51
112  56.91745618  023.97430770  56.91787470  023.97435976
111  56.91745618  023.97430770
114  56.91745618  023.97430770  56.91703926  023.97423167 51
120 Linear Feature 31
111  56.91766988  023.97039117 51
112  56.91717662  023.97134890  56.91711410  023.97236693
111  56.91717662  023.97134890
112  56.91717662  023.97134890  56.91722177  023.97032450 51
115  56.91682937  023.97025120
120 Linear Feature 1
111  56.92918214  023.97228530 51
112  56.92956824  023.97328944  56.92953223  023.97415400
111  56.92956824  023.97328944
112  56.92956824  023.97328944  56.92961146  023.97242489 51
115  56.93006883  023.97243149
120 Linear Feature 2
111  56.92999000  023.98312470 51
111  56.92934196  023.98301335 51
112  56.92917132  023.98253669  56.92918579  023.98209144 51
112  56.92925704  023.98032837  56.92929649  023.97901658 51
112  56.92935822  023.97745457  56.92938219  023.97696267 51
115  56.92956824  023.97328944
120 Linear Feature 5
111  56.91963559  023.97504252 51
115  56.91954630  023.97726744
120 Linear Feature 9
111  56.91983026  023.97469559 51
112  56.91963559  023.97504252  56.91962032  023.97540911
111  56.91963559  023.97504252
112  56.91963559  023.97504252  56.91964323  023.97467314 51
115  56.91946461  023.97463587
120 Linear Feature 5
111  56.92073963  023.97522275 51
115  56.92065044  023.97744779
120 Linear Feature 9
111  56.92093429  023.97487576 51
112  56.92073963  023.97522275  56.92072435  023.97558934
111  56.92073963  023.97522275
112  56.92073963  023.97522275  56.92074726  023.97485337 51
115  56.92056864  023.97481610
120 Linear Feature 5
111  56.92135329  023.97532289 51
115  56.92126411  023.97754792
120 Linear Feature 9
111  56.92154796  023.97497590 51
112  56.92135329  023.97532289  56.92133802  023.97568947
111  56.92135329  023.97532289
112  56.92135329  023.97532289  56.92136093  023.97495350 51
115  56.92118231  023.97491623
120 Linear Feature 7
111  56.92353819  023.97568354 51
115  56.92341977  023.97847674
120 Linear Feature 8
111  56.92375943  023.97533762 51
112  56.92353819  023.97568354  56.92351989  023.97604484
111  56.92353819  023.97568354
112  56.92353819  023.97568354  56.92354835  023.97531851 51
115  56.92339955  023.97527855
120 Linear Feature 7
111  56.92438807  023.97582369 51
115  56.92426387  023.97856390
120 Linear Feature 8
111  56.92460931  023.97547935 51
112  56.92438807  023.97582369  56.92436978  023.97618500
111  56.92438807  023.97582369
112  56.92438807  023.97582369  56.92439824  023.97545867 51
115  56.92424944  023.97541871
120 Linear Feature 10
112  56.91323680  023.96965732  56.91247619  023.96953396 51
112  56.91253259  023.97103374  56.91254173  023.97117162 51
112  56.91262419  023.97156780  56.91267303  023.97174921 51
112  56.91283010  023.97210308  56.91291522  023.97230098 51
112  56.91383344  023.97426174  56.91389740  023.97440142 51
112  56.91404592  023.97461137  56.91411480  023.97462940 51
112  56.91430390  023.97464854  56.91437278  023.97465305 51
112  56.91455205  023.97438322  56.91461354  023.97429310 51
112  56.91475180  023.97408394  56.91486741  023.97392624 51
116  56.91507037  023.97392086  56.91511103  023.97392831
120 A
111  56.90632244  023.97020042 54 104
115  56.90654498  023.97023448
120 G
111  56.93468602  023.97487849 54 104
115  56.93493738  023.97492010
120 B
111  56.91247120  023.97129770 54
115  56.91264488  023.97118539
120 C
111  56.91700231  023.97191124 54
115  56.91726253  023.97195028
120 E
111  56.92939736  023.97400457 54
115  56.92966363  023.97404201
120 Linear Feature 49
112  56.91954630  023.97726744  56.91953801  023.97744643 51
112  56.91913961  023.97741487  56.91878326  023.97735658 51
112  56.91715896  023.97709290  56.91689170  023.97704044 51
111  56.91690967  023.97673776 51
112  56.91659926  023.97714894  56.91633199  023.97710814 51
115  56.91448072  023.97681218
120 Linear Feature 4
111  56.92611563  023.97505299 3
115  56.92602515  023.97495504
120 Linear Feature 3
111  56.92610169  023.97493200 3
115  56.92603477  023.97508450
120 Linear Feature 4
111  56.92432234  023.97230193 3
115  56.92420648  023.97223055
120 Linear Feature 3
111  56.92429419  023.97216600 3
115  56.92423545  023.97237330
21  56.90629614  023.97019796 6 206.2568 3.0 New Light Fixture 3
21  56.90656601  023.97023997 6 305.1740 3.0 New Light Fixture 3
21  56.91244602  023.97131726 6 199.2164 3.0 New Light Fixture 10
21  56.91266164  023.97117757 6 300.6279 3.0 New Light Fixture 10
21  56.91698261  023.97190698 6 227.2204 3.0 New Light Fixture 9
21  56.91728763  023.97195034 6 320.8521 3.0 New Light Fixture 8
21  56.92937688  023.97399872 6 230.3687 3.0 New Light Fixture 6
21  56.92968705  023.97403855 6 320.6893 3.0 New Light Fixture 6
21  56.93495812  023.97492459 6 322.5305 3.0 New Light Fixture 5
21  56.93467560  023.97487027 6 235.1831 3.0 New Light Fixture 5
21  56.93192355  023.97350931 2 185.1500 3.0 18  PAPI-4L
21  56.91516145  023.96926831 2 5.1400 3.0 36  PAPI-4L
20  56.90687603  023.96918045 94.7134 0 3 {@L}A
20  56.90631101  023.96908891 94.0310 0 3 {@L}A
20  56.90657184  023.97171703 233.6662 0 3 {@L}A{@R}18*36{@@}{@L}A{@Y}F{^u}|P-Y{^u}
20  56.90691845  023.97119979 211.2319 0 3 {@L}A{@R}18*36{@@}{@L}A{@Y}F{^u}|P-Y{^u}
20  56.91207773  023.97006692 94.9029 0 3 {@L}B
20  56.91305783  023.97021142 94.9029 0 3 {@L}B
20  56.91307858  023.97310874 274.7946 0 3 {@L}B{@R}18*36{@@}{@L}B{@Y}{^l}P-Y|{^l}F{^r}
20  56.91356113  023.97317421 274.7946 0 3 {@L}B{@R}18*36{@@}{@L}B{@Y}{^l}P-Y|{^l}F{^r}
20  56.91679362  023.97083387 95.5984 0 3 {@L}C
20  56.91758584  023.97096054 95.5984 0 3 {@L}C
20  56.91686213  023.97502106 273.4166 0 2 {@L}C{@Y}{^l}A{comma}B|{^l}F{^r}|E{comma}G{^r}{@@}{@L}C{@Y}APRON_2|P{^u}
20  56.91711071  023.97505405 274.6860 0 2 {@L}C{@Y}{^l}A{comma}B|{^l}F{^r}|E{comma}G{^r}{@@}{@L}C{@Y}APRON_2|P{^u}
20  56.91684743  023.97338225 274.7946 0 3 {@L}C{@R}18*36{@@}{@L}C{@Y}{^l}Q-Y|{^l}F{^r}|P{^u}
20  56.91727197  023.97345020 274.7946 0 3 {@L}C{@R}18*36{@@}{@L}C{@Y}{^l}Q-Y|{^l}F{^r}|P{^u}
20  56.92378230  023.97233800 94.0756 0 3 {@L}D{no-entry}
20  56.92463301  023.97230308 96.3697 0 3 {@L}D{no-entry}
20  56.92588315  023.97495290 275.5347 0 3 {@L}D{no-entry}
20  56.92625378  023.97498581 273.8323 0 3 {@L}D{no-entry}
20  56.92909880  023.97285550 95.0608 0 3 {@L}E
20  56.93007672  023.97300684 95.0608 0 3 {@L}E
20  56.91919030  023.97492263 5.0130 0 2 {@Y}APRON_1
20  56.92398383  023.97572139 5.0130 0 2 {@Y}APRON_3{@@}APRON_1
20  56.92567959  023.97595749 185.1385 0 2 {@Y}APRON_3
20  56.92944653  023.97940410 274.6860 0 2 {@L}E{@Y}A{comma}B{comma}C{comma}F{comma}G{^u}{@@}{@L}E{@Y}APRON_4|Y{^u}
20  56.92936422  023.98177807 274.6860 0 2 {@L}E{@Y}A{comma}B{comma}C{comma}F{comma}G{^u}{@@}{@L}E{@Y}APRON_4|Y{^u}
20  56.92950050  023.97753187 274.6860 0 2 {@L}E{@Y}{^l}A{comma}B{comma}C|{^l}F{^r}|G{^r}{@@}{@L}E{@Y}APRON_4|Y{^u}
20  56.92920552  023.97748365 273.4166 0 2 {@L}E{@Y}{^l}A{comma}B{comma}C|{^l}F{^r}|G{^r}{@@}{@L}E{@Y}APRON_4|Y{^u}
20  56.92928029  023.97538868 274.7946 0 3 {@L}E{@R}18*36{@@}{@L}E{@Y}Y{^u}|{^l}F{^r}|Q-U{^r}
20  56.92965894  023.97544986 274.7946 0 3 {@L}E{@R}18*36{@@}{@L}E{@Y}Y{^u}|{^l}F{^r}|Q-U{^r}
20  56.92873620  023.97650502 4.0194 0 3 {@L}F{@Y}{^l}E{^r}|G{^u}|Y{^r}{@@}{@L}F{@Y}A-C{^u}|P-U{^u}
20  56.92875724  023.97580632 4.0194 0 3 {@L}F{@Y}{^l}E{^r}|G{^u}|Y{^r}{@@}{@L}F{@Y}A-C{^u}|P-U{^u}
20  56.91051723  023.97346893 4.0194 0 3 {@L}F{@Y}E{^u}|P-Y{^u}{@@}{@L}F{@Y}A{^u}
20  56.91054317  023.97284213 4.0194 0 3 {@L}F{@Y}E{^u}|P-Y{^u}{@@}{@L}F{@Y}A{^u}
20  56.93122912  023.97695281 4.0194 0 3 {@L}F{@Y}G{^u}{@@}{@L}F{@Y}E{^u}|P-Y{^u}
20  56.93126428  023.97622130 4.0194 0 3 {@L}F{@Y}G{^u}{@@}{@L}F{@Y}E{^u}|P-Y{^u}
20  56.93504046  023.97382837 94.5109 0 3 {@L}G
20  56.93456451  023.97376912 94.5109 0 3 {@L}G
20  56.93440538  023.97558362 325.8672 0 3 {@L}G{@R}18*36{@@}{@L}G{@Y}F{^u}|P-Y{^u}
20  56.93460949  023.97604574 322.7111 0 3 {@L}G{@R}18*36{@@}{@L}G{@Y}F{^u}|P-Y{^u}
20  56.91984981  023.97440227 184.6018 0 2 {@L}F{@Y}{^l}Q|A{comma}B{comma}C{^u}
20  56.91947577  023.97435876 4.9594 0 2 {@L}F{@Y}E{comma}G{^u}|Q{^r}
20  56.91965673  023.97438322 274.1370 0 2 {@L}Q{@Y}{^l}A{comma}B{comma}C|{^l}F{^r}|E{comma}G{^r}
20  56.92095557  023.97457905 184.6018 0 2 {@L}F{@Y}{^l}R|A{comma}B{comma}C{^u}
20  56.92058153  023.97453554 4.9594 0 2 {@L}F{@Y}E{comma}G{^u}|R{^r}
20  56.92078003  023.97456231 274.2894 0 2 {@L}R{@Y}{^l}A{comma}B{comma}C|{^l}F{^r}|E{comma}G{^r}
20  56.92158125  023.97466964 184.6018 0 2 {@L}F{@Y}{^l}S|A{comma}B{comma}C{^u}
20  56.92120720  023.97462613 4.9594 0 2 {@L}F{@Y}E{comma}G{^u}|S{^r}
20  56.92139517  023.97464401 274.0475 0 2 {@L}S{@Y}{^l}A{comma}B{comma}C|{^l}F{^r}|E{comma}G{^r}
20  56.92376498  023.97502483 184.6018 0 2 {@L}F{@Y}{^l}T|A{comma}B{comma}C{^u}
20  56.92339093  023.97498132 4.9594 0 2 {@L}F{@Y}E{comma}G{^u}|T{^r}
20  56.92357259  023.97500450 274.4895 0 2 {@L}T{@Y}{^l}A{comma}B{comma}C|{^l}F{^r}|E{comma}G{^r}
20  56.92461871  023.97513896 184.6018 0 2 {@L}F{@Y}{^l}U|A{comma}B{comma}C{^u}
20  56.92424466  023.97509545 4.9594 0 2 {@L}F{@Y}E{comma}G{^u}|U{^r}
20  56.92443111  023.97511456 275.0094 0 2 {@L}U{@Y}{^l}A{comma}B{comma}C|{^l}F{^r}|E{comma}G{^r}
20  56.92949338  023.98249625 185.5411 0 2 {@L}Y{@Y}A{comma}B{comma}C{comma}E{comma}F{comma}G{^r}{@@}{@L}Y{@Y}APRON_4
14  56.92344875  023.97985922 147.64 0 Tower Viewpoint
1300  56.92085055  023.97820843 133.61 gate jets|turboprops 1
1300  56.92185076  023.97764249   4.71 gate jets|turboprops 5
1300  56.92189814  023.97683025   4.71 gate jets|turboprops 7
1300  56.92201658  023.97607380   4.71 gate heavy|jets|turboprops 9
1300  56.91997906  023.97733774 184.08 tie_down jets|turboprops|props 10
1300  56.92000801  023.97659957 184.08 tie_down jets|turboprops|props 11
1300  56.92004014  023.97582826 184.08 tie_down jets|turboprops|props 12
1300  56.92278860  023.97841134 184.27 gate jets|turboprops 102
1300  56.92281862  023.97768590 184.27 gate jets|turboprops 104
1300  56.92283893  023.97697906 184.27 gate jets|turboprops 106
1300  56.92277124  023.97624741 184.27 gate heavy|jets|turboprops 108
1300  56.91909105  023.97611452 274.11 tie_down jets|turboprops|props 14
1300  56.91868610  023.97608080 274.11 tie_down jets|turboprops|props 15
1300  56.91830745  023.97603262 274.11 tie_down jets|turboprops|props 16
1300  56.91790776  023.97598927 274.11 tie_down jets|turboprops|props 17
1300  56.91751333  023.97592664 274.11 tie_down jets|turboprops|props 18
1300  56.91908496  023.97839051  94.73 tie_down jets|turboprops|props 19
1300  56.91868457  023.97832703  94.73 tie_down jets|turboprops|props 20
1300  56.91829573  023.97827766  94.73 tie_down jets|turboprops|props 21
1300  56.91652488  023.97603507 -85.21 tie_down jets|turboprops|props 24
1300  56.91613075  023.97600911 -85.24 tie_down jets|turboprops|props 25
1300  56.91494717  023.97581082 274.77 tie_down jets|turboprops|props 28
1300  56.92495296  023.97794838   4.66 tie_down jets|turboprops|props 305
1300  56.92497743  023.97726539   4.66 tie_down jets|turboprops|props 307
1300  56.92912026  023.98395004  93.21 tie_down jets|turboprops|props 467
1300  56.92946498  023.98399272  93.21 tie_down jets|turboprops|props 468
1300  56.92979572  023.98405248  93.21 tie_down jets|turboprops|props 469
1300  56.93084195  023.98299641 274.02 tie_down turboprops|props|helos 472
1300  56.93110012  023.98301394 274.02 tie_down turboprops|props|helos 473
1300  56.92987402  023.97967223 183.35 tie_down turboprops|props 490
1300  56.92951767  023.98118239 275.74 tie_down props|helos 491
1300  56.92991857  023.98124653 275.74 tie_down props|helos 493
1300  56.93028765  023.98131650 275.74 tie_down props|helos 495
1300  56.93069173  023.98137480 275.74 tie_down props|helos 497
18  56.92334202  023.97284950 1 Rotating Beacon
19  56.93288802  023.97489350 1 Windsock
19  56.91440202  023.97193050 1 Windsock
50 12480 ATIS
54 11810 Riga Tower
53 11880 Riga Ground
55 12993 Riga Approach
55 13485 Riga Approach
1200 
1201  56.93438031  023.97313109 both 0 18/36_stop
1201  56.93457717  023.97321791 both 1 18/36_stop(split)
1201  56.93472426  023.97341047 both 2 18/36_stop(split)
1201  56.93481881  023.97366851 both 3 18/36_stop(split)
1201  56.93485664  023.97391113 both 4 18/36_stop(split)
1201  56.93486294  023.97414606 both 5 18/36_stop(split)
1201  56.90702656  023.96863432 both 6 18/36_start
1201  56.92918220  023.97228532 both 7 18/36_start(split)
1201  56.92933856  023.97240575 both 8 18/36_start(split)(split)
1201  56.92946328  023.97259670 both 9 18/36_start(split)(split)
1201  56.92955485  023.97292362 both 10 18/36_start(split)(split)
1201  56.93006895  023.97243150 both 11 18/36_start(split)(split)
1201  56.91040903  023.97316522 both 12 F_stop
1201  56.93103762  023.97652675 both 13 F_start
1201  56.92982132  023.97633426 both 14 F_start(split)
1201  56.92963811  023.97639439 both 15 F_start(split)(split)
1201  56.92944878  023.97675098 both 16 F_start(split)(split)
1201  56.93116322  023.97653724 both 17 F_start(split)
1201  56.93129751  023.97653185 both 18 F_start(split)
1201  56.93144161  023.97650490 both 19 F_start(split)
1201  56.93155639  023.97645430 both 20 F_start(split)
1201  56.93188186  023.97619429 both 21 F_start(split)
1201  56.93201629  023.97610004 both 22 F_start(split)(split)
1201  56.93214784  023.97603087 both 23 F_start(split)(split)
1201  56.93232684  023.97595973 both 24 F_start(split)(split)
1201  56.93249045  023.97592223 both 25 F_start(split)
1201  56.93270145  023.97590753 both 26 F_start(split)
1201  56.93286454  023.97592201 both 27 F_start(split)
1201  56.93331496  023.97599172 both 28 F_start(split)(split)
1201  56.93376491  023.97605251 both 29 F_start(split)
1201  56.93399025  023.97607411 both 30 F_start(split)(split)
1201  56.93408994  023.97607269 both 31 F_start(split)(split)(split)
1201  56.93418778  023.97605738 both 32 F_start(split)
1201  56.93426648  023.97602672 both 33 F_start(split)(split)
1201  56.92941766  023.97626844 both 34 F_start(split)
1201  56.92898115  023.97619603 both 35 F_start(split)(split)
1201  56.92921632  023.97611643 both 36 F_start(split)(split)(split)
1201  56.92937469  023.97586211 both 37 F_start(split)(split)(split)
1201  56.92461252  023.97547901 both 38 F_start(split)(split)
1201  56.92424943  023.97541921 both 39 F_start(split)(split)
1201  56.92431151  023.97546747 both 40 F_start(split)(split)(split)
1201  56.92435672  023.97555765 both 41 F_start(split)(split)(split)
1201  56.92438247  023.97568138 both 42 F_start(split)(split)(split)
1201  56.92375939  023.97533755 both 43 F_start(split)(split)
1201  56.92339994  023.97527860 both 44 F_start(split)(split)(split)
1201  56.92917004  023.98254479 both 45 E_stop
1201  56.92925705  023.98032841 both 46 E_stop
1201  56.92924722  023.98048270 both 47 E_stop(split)
1201  56.92954710  023.98053150 both 48 E_stop(split)(split)
1201  56.92992188  023.98059492 both 49 E_stop(split)(split)(split)
1201  56.93030658  023.98065853 both 50 E_stop(split)(split)(split)
1201  56.93070574  023.98072744 both 51 E_stop(split)(split)(split)
1201  56.93110201  023.98079105 both 52 E_stop(split)(split)(split)
1201  56.92921335  023.98135020 both 53 E_stop(split)
1201  56.92936929  023.97721177 both 54 E_stop
1201  56.92933571  023.97674616 both 55 E_stop(split)
1201  56.92919109  023.97635102 both 56 E_stop(split)(split)
1201  56.92930843  023.97878604 both 57 E_stop(split)
1201  56.92927904  023.97960580 both 58 E_stop(split)(split)
1201  56.92953090  023.97402770 both 59 E_start
1201  56.92945814  023.97546485 both 60 E_start(split)
1201  56.92949878  023.97589502 both 61 E_start(split)(split)
1201  56.92964899  023.97622714 both 62 E_start(split)(split)
1201  56.92353817  023.97568353 both 63 T_stop
1201  56.92353154  023.97552427 both 64 T_stop(split)
1201  56.92350008  023.97539792 both 65 T_stop(split)
1201  56.92346392  023.97533290 both 66 T_stop(split)
1201  56.92355565  023.97555249 both 67 T_stop(split)
1201  56.92359448  023.97544944 both 68 T_stop(split)
1201  56.92366679  023.97536725 both 69 T_stop(split)
1201  56.92341746  023.97849313 both 70 T_start
1201  56.92344926  023.97778495 both 71 T_start(split)
1201  56.92347738  023.97708596 both 72 T_start(split)
1201  56.92350739  023.97636713 both 73 T_start(split)
1201  56.92118230  023.97491624 both 74 U_stop
1201  56.91745618  023.97430770 both 75 U_stop(split)
1201  56.91725386  023.97432580 both 76 U_stop(split)(split)
1201  56.91709767  023.97446356 both 77 U_stop(split)(split)
1201  56.91703345  023.97423904 both 78 U_stop(split)(split)
1201  56.91707356  023.97343264 both 79 U_stop(split)(split)(split)
1201  56.91710924  023.97385421 both 80 U_stop(split)(split)(split)(split)
1201  56.91726254  023.97419333 both 81 U_stop(split)(split)(split)(split)
1201  56.91657393  023.97416457 both 82 U_stop(split)
1201  56.91682577  023.97408735 both 83 U_stop(split)(split)
1201  56.91699643  023.97380652 both 84 U_stop(split)(split)
1201  56.91507702  023.97392327 both 85 U_stop(split)(split)
1201  56.91500802  023.97392381 both 86 U_stop(split)(split)(split)
1201  56.91494241  023.97393975 both 87 U_stop(split)(split)(split)
1201  56.91482725  023.97400476 both 88 U_stop(split)(split)(split)
1201  56.92154796  023.97497590 both 89 U_stop
1201  56.92135320  023.97532295 both 90 U_stop
1201  56.92134739  023.97518679 both 91 U_stop(split)
1201  56.92131869  023.97506846 both 92 U_stop(split)
1201  56.92126128  023.97496854 both 93 U_stop(split)
1201  56.92137510  023.97516121 both 94 U_stop(split)
1201  56.92141425  023.97506776 both 95 U_stop(split)
1201  56.92146525  023.97500040 both 96 U_stop(split)
1201  56.92126410  023.97754797 both 97 U_start
1201  56.92129638  023.97674526 both 98 U_start(split)
1201  56.92132823  023.97594893 both 99 U_start(split)(split)
1201  56.90673360  023.97139657 both 100 A_stop
1201  56.90680375  023.97149676 both 101 A_stop(split)
1201  56.90689786  023.97157396 both 102 A_stop(split)
1201  56.90703215  023.97164039 both 103 A_stop(split)
1201  56.90718213  023.97168348 both 104 A_stop(split)
1201  56.90737162  023.97171525 both 105 A_stop(split)
1201  56.90789376  023.97179124 both 106 A_stop(split)(split)
1201  56.90839715  023.97185946 both 107 A_stop(split)
1201  56.90860684  023.97189564 both 108 A_stop(split)(split)
1201  56.90882048  023.97195261 both 109 A_stop(split)(split)
1201  56.90904322  023.97203728 both 110 A_stop(split)(split)
1201  56.90924463  023.97215739 both 111 A_stop(split)(split)
1201  56.90938671  023.97227043 both 112 A_stop(split)(split)
1201  56.90951731  023.97240712 both 113 A_stop(split)(split)
1201  56.90965577  023.97259245 both 114 A_stop(split)
1201  56.90974377  023.97271209 both 115 A_stop(split)(split)
1201  56.90983856  023.97282634 both 116 A_stop(split)(split)
1201  56.90993415  023.97292131 both 117 A_stop(split)(split)
1201  56.91002952  023.97300086 both 118 A_stop(split)(split)
1201  56.91012526  023.97306426 both 119 A_stop(split)(split)
1201  56.91022174  023.97311147 both 120 A_stop(split)(split)
1201  56.91029654  023.97313919 both 121 A_stop(split)(split)
1201  56.90653835  023.97097104 both 122 A_stop
1201  56.90659365  023.97111939 both 123 A_stop(split)
1201  56.90642852  023.97022221 both 124 A_start
1201  56.90649072  023.96933869 both 125 A_start(split)
1201  56.90654487  023.96905359 both 126 A_start(split)(split)
1201  56.90664978  023.96881807 both 127 A_start(split)(split)
1201  56.90681899  023.96866312 both 128 A_start(split)(split)
1201  56.90642633  023.97034838 both 129 A_start(split)
1201  56.90643326  023.97048505 both 130 A_start(split)
1201  56.90644963  023.97062553 both 131 A_start(split)(split)
1201  56.90647229  023.97074743 both 132 A_start(split)
1201  56.93434733  023.97597023 both 133 G_stop
1201  56.93456712  023.97572249 both 134 G_stop
1201  56.93444172  023.97587441 both 135 G_stop(split)
1201  56.93483700  023.97490131 both 136 G_start
1201  56.93482654  023.97504942 both 137 G_start(split)
1201  56.93480105  023.97520758 both 138 G_start(split)
1201  56.93471891  023.97547366 both 139 G_start(split)
1201  56.92956816  023.97328961 both 140 _stop
1201  56.92962273  023.97292072 both 141 _stop(split)
1201  56.92974272  023.97264299 both 142 _stop(split)
1201  56.92988638  023.97249544 both 143 _stop(split)
1201  56.91717662  023.97134890 both 144 _stop
1201  56.91717542  023.97100313 both 145 _stop(split)
1201  56.91712711  023.97068640 both 146 _stop(split)
1201  56.91701779  023.97041158 both 147 _stop(split)
1201  56.91714763  023.97193391 both 148 _start
1201  56.91683013  023.97025019 both 149 _stop
1201  56.91767204  023.97038831 both 150 _start
1201  56.91741697  023.97050940 both 151 _start(split)
1201  56.91730764  023.97070037 both 152 _start(split)
1201  56.91721610  023.97100779 both 153 _start(split)
1201  56.91690967  023.97673776 both 154 C_start
1201  56.91692044  023.97685115 both 155 C_start(split)
1201  56.91696460  023.97695902 both 156 C_start(split)
1201  56.91705783  023.97705565 both 157 C_start(split)
1201  56.91700688  023.97476656 both 158 C_start(split)
1201  56.91695304  023.97446886 both 159 C_start(split)(split)
1201  56.91680553  023.97426751 both 160 C_start(split)(split)(split)
1201  56.91255673  023.97124249 both 161 B_stop
1201  56.91253005  023.97103326 both 162 B_stop(split)
1201  56.91253005  023.97075848 both 163 B_stop(split)
1201  56.91255802  023.97046508 both 164 B_stop(split)
1201  56.91261650  023.97017167 both 165 B_stop(split)
1201  56.91270295  023.96994813 both 166 B_stop(split)
1201  56.91283262  023.96977116 both 167 B_stop(split)
1201  56.91296991  023.96968267 both 168 B_stop(split)
1201  56.91383371  023.97426326 both 169 B_stop
1201  56.91283009  023.97210309 both 170 B_stop(split)
1201  56.91269136  023.97177634 both 171 B_stop(split)(split)
1201  56.91262418  023.97156788 both 172 B_stop(split)
1201  56.91258604  023.97140832 both 173 B_stop(split)(split)
1201  56.91404673  023.97461159 both 174 B_stop
1201  56.91398920  023.97456687 both 175 B_stop(split)
1201  56.91392255  023.97445374 both 176 B_stop(split)
1201  56.91430355  023.97464808 both 177 B_stop
1201  56.91418659  023.97463686 both 178 B_stop(split)
1201  56.91455208  023.97438321 both 179 B_stop
1201  56.91448287  023.97448313 both 180 B_stop(split)
1201  56.91442391  023.97455997 both 181 B_stop(split)
1201  56.91436528  023.97461994 both 182 B_stop(split)
1201  56.91432750  023.97464374 both 183 B_stop(split)
1201  56.91475191  023.97408330 both 184 B_stop
1201  56.91470542  023.97414820 both 185 B_stop(split)
1201  56.91465084  023.97422874 both 186 B_stop(split)
1201  56.91323671  023.96965732 both 187 _stop
1201  56.92438803  023.97582400 both 188 U_stop
1201  56.92440823  023.97568243 both 189 U_stop(split)
1201  56.92445801  023.97556604 both 190 U_stop(split)
1201  56.92453183  023.97549998 both 191 U_stop(split)
1201  56.92429573  023.97785111 both 192 U_start(split)
1201  56.92432794  023.97715251 both 193 U_start(split)
1201  56.92171977  023.97679636 both 194 _stop
1201  56.92168395  023.97760627 both 195 _stop
1201  56.92092667  023.97805711 both 196 _stop
1201  56.92212586  023.97577242 both 197 _stop
1201  56.92204311  023.97505694 both 198 _start
1201  56.92202770  023.97543908 both 199 _start(split)
1201  56.92274742  023.97590135 both 200 _stop
1201  56.92287696  023.97561703 both 201 _stop
1201  56.92289065  023.97519552 both 202 _start
1201  56.92481451  023.97792802 both 203 _stop
1201  56.92483678  023.97722845 both 204 _stop
1201  56.92541491  023.97561289 both 205 _start
1201  56.92533899  023.97730545 both 206 _start(split)
1201  56.92531296  023.97799973 both 207 _start(split)
1201  56.92512584  023.97727799 both 208 _stop
1201  56.92509863  023.97797108 both 209 _stop
1201  56.92304037  023.97843106 both 210 _stop
1201  56.92306087  023.97771874 both 211 _stop
1201  56.92309162  023.97702399 both 212 _stop
1201  56.92972766  023.97967199 both 213 _stop
1201  56.92934001  023.98301273 both 214 _stop
1201  56.92925460  023.98294950 both 215 _stop(split)
1201  56.92920737  023.98285554 both 216 _stop(split)(split)
1201  56.92918173  023.98274426 both 217 _stop(split)
1201  56.92998261  023.98311792 both 218 _stop
1201  56.93037021  023.98359038 both 219 _stop
1201  56.93159558  023.98379614 both 220 _stop
1201  56.93106187  023.98370611 both 221 _stop(split)
1201  56.93079892  023.98366230 both 222 _stop(split)(split)
1201  56.93163118  023.98287716 both 223 _stop
1201  56.93146507  023.98085165 both 224 _stop
1201  56.91659950  023.97714953 both 225 P_stop
1201  56.91646734  023.97712779 both 226 P_stop(split)
1201  56.91608486  023.97706807 both 227 P_stop(split)(split)
1201  56.91490049  023.97687975 both 228 P_stop(split)(split)(split)
1201  56.91674993  023.97711184 both 229 P_stop(split)
1201  56.91681863  023.97703093 both 230 P_stop(split)
1201  56.91687751  023.97688936 both 231 P_stop(split)
1201  56.91715908  023.97709445 both 232 P_stop
1201  56.91703821  023.97707813 both 233 P_stop(split)
1201  56.91673889  023.97716352 both 234 P_stop(split)(split)
1201  56.91913920  023.97741650 both 235 P_start
1201  56.91934550  023.97744423 both 236 P_start(split)
1201  56.91948205  023.97742792 both 237 P_start(split)
1201  56.91953104  023.97737081 both 238 P_start(split)
1201  56.91901955  023.97739936 both 239 P_start(split)
1201  56.91872311  023.97735704 both 240 P_start(split)
1201  56.91862686  023.97734294 both 241 P_start(split)(split)
1201  56.91835352  023.97730062 both 242 P_start(split)(split)
1201  56.91823802  023.97727946 both 243 P_start(split)(split)(split)
1201  56.91785688  023.97721598 both 244 P_start(split)(split)(split)(split)
1201  56.91745649  023.97715251 both 245 P_start(split)(split)(split)(split)(split)
1201  56.91831117  023.97807645 both 246 _start
1201  56.91869231  023.97813992 both 247 _start
1201  56.91909270  023.97818929 both 248 _start
1201  56.91749884  023.97615804 both 249 _start
1201  56.91789538  023.97621446 both 250 _start
1201  56.91828037  023.97627794 both 251 _start
1201  56.91867691  023.97633436 both 252 _start
1201  56.91906575  023.97639784 both 253 _start
1201  56.91493395  023.97597767 both 254 _start
1201  56.91612833  023.97617632 both 255 _start
1201  56.91651515  023.97625594 both 256 _start
1201  56.92073969  023.97522301 both 257 R_stop
1201  56.92073411  023.97508824 both 258 R_stop(split)
1201  56.92070646  023.97497157 both 259 R_stop(split)
1201  56.92065033  023.97487486 both 260 R_stop(split)
1201  56.92064874  023.97744884 both 261 R_start
1201  56.92065135  023.97738031 both 262 R_start(split)
1201  56.92067214  023.97667350 both 263 R_start(split)
1201  56.92070869  023.97591961 both 264 R_start(split)
1201  56.91963589  023.97504525 both 265 Q_stop
1201  56.91962820  023.97491623 both 266 Q_stop(split)
1201  56.91960995  023.97481593 both 267 Q_stop(split)
1201  56.91955521  023.97470634 both 268 Q_stop(split)
1201  56.91954591  023.97726852 both 269 Q_start
1201  56.91957444  023.97654446 both 270 Q_start(split)
1201  56.91960428  023.97577683 both 271 Q_start(split)(split)
1201  56.91947207  023.97463762 both 272 Q_stop
1201  56.91982386  023.97469520 both 273 Q_start
1201  56.91973465  023.97473420 both 274 Q_start(split)
1201  56.91967483  023.97482707 both 275 Q_start(split)
1201  56.91964848  023.97492366 both 276 Q_start(split)
1201  56.92056566  023.97481563 both 277 R_stop
1201  56.92093619  023.97487607 both 278 R_start
1201  56.92084890  023.97490556 both 279 R_start(split)
1201  56.92078773  023.97498846 both 280 R_start(split)
1201  56.92075422  023.97509284 both 281 R_start(split)
1201  56.92019310  023.97732387 both 282 _stop
1201  56.92022480  023.97662153 both 283 _stop
1201  56.92025835  023.97585639 both 284 _stop
1201  56.91991052  023.97731470 both 285 _stop
1201  56.91993818  023.97658357 both 286 _stop
1201  56.91996386  023.97581987 both 287 _stop
1201  56.93081804  023.98320669 both 288 _stop
1201  56.93108100  023.98323736 both 289 _stop
1202 124 125 twoway taxiway 
1204 departure 18,36
1204 arrival 18,36
1204 ils 18,36
1202 125 126 twoway taxiway 
1204 departure 18,36
1204 arrival 18,36
1204 ils 18,36
1202 126 127 twoway taxiway 
1204 departure 18,36
1204 arrival 18,36
1204 ils 18,36
1202 127 128 twoway taxiway 
1204 departure 18,36
1204 arrival 18,36
1204 ils 18,36
1202 128 6 twoway taxiway 
1204 departure 18,36
1204 arrival 18,36
1204 ils 18,36
1202 100 101 twoway taxiway 
1202 101 102 twoway taxiway 
1202 102 103 twoway taxiway 
1202 103 104 twoway taxiway 
1202 104 105 twoway taxiway 
1202 105 106 twoway taxiway 
1202 106 107 twoway taxiway 
1202 107 108 twoway taxiway 
1202 108 109 twoway taxiway 
1202 109 110 twoway taxiway 
1202 110 111 twoway taxiway 
1202 111 112 twoway taxiway 
1202 112 113 twoway taxiway 
1202 113 114 twoway taxiway 
1202 114 115 twoway taxiway 
1202 115 116 twoway taxiway 
1202 116 117 twoway taxiway 
1202 117 118 twoway taxiway 
1202 118 119 twoway taxiway 
1202 119 120 twoway taxiway 
1202 120 121 twoway taxiway 
1202 121 12 twoway taxiway 
1202 161 162 twoway taxiway 
1204 departure 18,36
1204 arrival 18,36
1204 ils 18,36
1202 162 163 twoway taxiway 
1204 departure 18,36
1204 arrival 18,36
1204 ils 18,36
1202 163 164 twoway taxiway 
1204 departure 18,36
1204 arrival 18,36
1204 ils 18,36
1202 164 165 twoway taxiway 
1204 departure 18,36
1204 arrival 18,36
1204 ils 18,36
1202 165 166 twoway taxiway 
1204 departure 18,36
1204 arrival 18,36
1204 ils 18,36
1202 166 167 twoway taxiway 
1204 departure 18,36
1204 arrival 18,36
1204 ils 18,36
1202 167 168 twoway taxiway 
1204 departure 18,36
1204 arrival 18,36
1204 ils 18,36
1202 168 187 twoway taxiway 
1204 departure 18,36
1204 arrival 18,36
1204 ils 18,36
1202 148 144 twoway taxiway 
1204 departure 18,36
1204 arrival 18,36
1204 ils 18,36
1202 144 145 twoway taxiway 
1204 departure 18,36
1204 arrival 18,36
1204 ils 18,36
1202 145 146 twoway taxiway 
1204 departure 18,36
1204 arrival 18,36
1204 ils 18,36
1202 146 147 twoway taxiway 
1204 departure 18,36
1204 arrival 18,36
1204 ils 18,36
1202 147 149 twoway taxiway 
1204 departure 18,36
1204 arrival 18,36
1204 ils 18,36
1202 150 151 twoway taxiway 
1204 departure 18,36
1204 arrival 18,36
1204 ils 18,36
1202 151 152 twoway taxiway 
1204 departure 18,36
1204 arrival 18,36
1204 ils 18,36
1202 152 153 twoway taxiway 
1204 departure 18,36
1204 arrival 18,36
1204 ils 18,36
1202 153 144 twoway taxiway 
1204 departure 18,36
1204 arrival 18,36
1204 ils 18,36
1202 0 1 twoway taxiway 
1204 departure 18,36
1204 arrival 18,36
1204 ils 18,36
1202 1 2 twoway taxiway 
1204 departure 18,36
1204 arrival 18,36
1204 ils 18,36
1202 2 3 twoway taxiway 
1204 departure 18,36
1204 arrival 18,36
1204 ils 18,36
1202 3 4 twoway taxiway 
1204 departure 18,36
1204 arrival 18,36
1204 ils 18,36
1202 4 5 twoway taxiway 
1204 departure 18,36
1204 arrival 18,36
1204 ils 18,36
1202 5 136 twoway taxiway 
1204 departure 18,36
1204 arrival 18,36
1204 ils 18,36
1202 13 17 twoway taxiway 
1202 17 18 twoway taxiway 
1202 18 19 twoway taxiway 
1202 19 20 twoway taxiway 
1202 20 21 twoway taxiway 
1202 21 22 twoway taxiway 
1202 22 23 twoway taxiway 
1202 23 24 twoway taxiway 
1202 24 25 twoway taxiway 
1202 25 26 twoway taxiway 
1202 26 27 twoway taxiway 
1202 27 28 twoway taxiway 
1202 28 29 twoway taxiway 
1202 29 30 twoway taxiway 
1202 30 31 twoway taxiway 
1202 31 32 twoway taxiway 
1202 32 33 twoway taxiway 
1202 33 133 twoway taxiway 
1202 140 141 twoway taxiway 
1204 departure 18,36
1204 arrival 18,36
1204 ils 18,36
1202 141 142 twoway taxiway 
1204 departure 18,36
1204 arrival 18,36
1204 ils 18,36
1202 142 143 twoway taxiway 
1204 departure 18,36
1204 arrival 18,36
1204 ils 18,36
1202 143 11 twoway taxiway 
1204 departure 18,36
1204 arrival 18,36
1204 ils 18,36
1202 7 8 twoway taxiway 
1204 departure 18,36
1204 arrival 18,36
1204 ils 18,36
1202 8 9 twoway taxiway 
1204 departure 18,36
1204 arrival 18,36
1204 ils 18,36
1202 9 10 twoway taxiway 
1204 departure 18,36
1204 arrival 18,36
1204 ils 18,36
1202 10 140 twoway taxiway 
1204 departure 18,36
1204 arrival 18,36
1204 ils 18,36
1202 140 59 twoway taxiway 
1204 departure 18,36
1204 arrival 18,36
1204 ils 18,36
1202 82 83 twoway taxiway 
1202 83 84 twoway taxiway 
1202 84 79 twoway taxiway 
1202 158 159 twoway taxiway 
1202 159 160 twoway taxiway 
1202 160 82 twoway taxiway 
1202 75 76 twoway taxiway 
1202 76 77 twoway taxiway 
1202 77 158 twoway taxiway 
1202 79 80 twoway taxiway 
1202 80 81 twoway taxiway 
1202 81 75 twoway taxiway 
1202 35 36 twoway taxiway 
1202 36 37 twoway taxiway 
1202 37 60 twoway taxiway 
1202 54 55 twoway taxiway 
1202 55 56 twoway taxiway 
1202 56 35 twoway taxiway 
1202 14 15 twoway taxiway 
1202 15 16 twoway taxiway 
1202 16 54 twoway taxiway 
1202 60 61 twoway taxiway 
1202 61 62 twoway taxiway 
1202 62 14 twoway taxiway 
1202 224 223 twoway taxiway 
1202 154 155 twoway taxiway 
1202 155 156 twoway taxiway 
1202 156 157 twoway taxiway 
1202 157 232 twoway taxiway 
1202 225 229 twoway taxiway 
1202 229 230 twoway taxiway 
1202 230 231 twoway taxiway 
1202 231 154 twoway taxiway 
1202 235 236 twoway taxiway 
1202 236 237 twoway taxiway 
1202 237 238 twoway taxiway 
1202 238 269 twoway taxiway 
1202 222 288 twoway taxiway 
1202 221 289 twoway taxiway 
1202 122 123 twoway taxiway A
1202 123 100 twoway taxiway A
1202 124 129 twoway taxiway A
1202 129 130 twoway taxiway A
1202 130 131 twoway taxiway A
1202 131 132 twoway taxiway A
1202 132 122 twoway taxiway A
1202 170 171 twoway taxiway B
1202 171 172 twoway taxiway B
1202 172 173 twoway taxiway B
1202 173 161 twoway taxiway B
1202 174 175 twoway taxiway B
1202 175 176 twoway taxiway B
1202 176 169 twoway taxiway B
1202 177 178 twoway taxiway B
1202 178 174 twoway taxiway B
1202 179 180 twoway taxiway B
1202 180 181 twoway taxiway B
1202 181 182 twoway taxiway B
1202 182 183 twoway taxiway B
1202 183 177 twoway taxiway B
1202 184 185 twoway taxiway B
1202 185 186 twoway taxiway B
1202 186 179 twoway taxiway B
1202 85 86 twoway taxiway B
1202 86 87 twoway taxiway B
1202 87 88 twoway taxiway B
1202 88 184 twoway taxiway B
1202 78 79 twoway taxiway C
1202 79 148 twoway taxiway C
1202 154 158 twoway taxiway C
1202 158 78 twoway taxiway C
1202 46 47 twoway taxiway E
1202 47 53 twoway taxiway E
1202 54 57 twoway taxiway E
1202 57 58 twoway taxiway E
1202 58 46 twoway taxiway E
1202 34 54 twoway taxiway E
1202 59 60 twoway taxiway E
1202 60 34 twoway taxiway E
1202 13 14 twoway taxiway F
1202 14 34 twoway taxiway F
1202 34 35 twoway taxiway F
1202 35 205 twoway taxiway F
1202 205 38 twoway taxiway F
1202 38 39 twoway taxiway F
1202 39 43 twoway taxiway F
1202 43 44 twoway taxiway F
1202 44 202 twoway taxiway F
1202 202 198 twoway taxiway F
1202 198 89 twoway taxiway F
1202 89 74 twoway taxiway F
1202 74 278 twoway taxiway F
1202 278 277 twoway taxiway F
1202 277 75 twoway taxiway F
1202 75 78 twoway taxiway F
1202 78 82 twoway taxiway F
1202 82 85 twoway taxiway F
1202 134 135 twoway taxiway G
1202 135 133 twoway taxiway G
1202 136 137 twoway taxiway G
1202 137 138 twoway taxiway G
1202 138 139 twoway taxiway G
1202 139 134 twoway taxiway G
1202 58 213 twoway taxiway 
1202 47 48 twoway taxiway 
1202 48 49 twoway taxiway 
1202 49 50 twoway taxiway 
1202 50 51 twoway taxiway 
1202 51 52 twoway taxiway 
1202 52 224 twoway taxiway 
1202 201 200 twoway taxiway 
1202 202 201 twoway taxiway 
1202 198 199 twoway taxiway 
1202 199 197 twoway taxiway 
1202 205 206 twoway taxiway 
1202 206 207 twoway taxiway 
1202 206 208 twoway taxiway 
1202 207 209 twoway taxiway 
1202 225 226 twoway taxiway P
1202 226 227 twoway taxiway P
1202 227 228 twoway taxiway P
1202 232 233 twoway taxiway P
1202 233 234 twoway taxiway P
1202 234 225 twoway taxiway P
1202 235 239 twoway taxiway P
1202 239 240 twoway taxiway P
1202 240 241 twoway taxiway P
1202 241 242 twoway taxiway P
1202 242 243 twoway taxiway P
1202 243 244 twoway taxiway P
1202 244 245 twoway taxiway P
1202 245 232 twoway taxiway P
1202 246 242 twoway taxiway 
1202 247 240 twoway taxiway 
1202 248 235 twoway taxiway 
1202 249 245 twoway taxiway 
1202 250 244 twoway taxiway 
1202 251 243 twoway taxiway 
1202 252 241 twoway taxiway 
1202 253 239 twoway taxiway 
1202 254 228 twoway taxiway 
1202 255 227 twoway taxiway 
1202 256 226 twoway taxiway 
1202 269 270 twoway taxiway Q
1202 270 271 twoway taxiway Q
1202 271 265 twoway taxiway Q
1202 265 266 twoway taxiway Q
1202 266 267 twoway taxiway Q
1202 267 268 twoway taxiway Q
1202 268 272 twoway taxiway Q
1202 273 274 twoway taxiway Q
1202 274 275 twoway taxiway Q
1202 275 276 twoway taxiway Q
1202 276 265 twoway taxiway Q
1202 269 285 twoway taxiway 
1202 270 286 twoway taxiway 
1202 271 287 twoway taxiway 
1202 261 262 twoway taxiway R
1202 262 263 twoway taxiway R
1202 263 264 twoway taxiway R
1202 264 257 twoway taxiway R
1202 257 258 twoway taxiway R
1202 258 259 twoway taxiway R
1202 259 260 twoway taxiway R
1202 260 277 twoway taxiway R
1202 278 279 twoway taxiway R
1202 279 280 twoway taxiway R
1202 280 281 twoway taxiway R
1202 281 257 twoway taxiway R
1202 261 196 twoway taxiway 
1202 262 282 twoway taxiway 
1202 263 283 twoway taxiway 
1202 264 284 twoway taxiway 
1202 90 91 twoway taxiway S
1202 91 92 twoway taxiway S
1202 92 93 twoway taxiway S
1202 93 74 twoway taxiway S
1202 90 94 twoway taxiway S
1202 94 95 twoway taxiway S
1202 95 96 twoway taxiway S
1202 96 89 twoway taxiway S
1202 97 98 twoway taxiway S
1202 98 99 twoway taxiway S
1202 99 90 twoway taxiway S
1202 97 195 twoway taxiway 
1202 98 194 twoway taxiway 
1202 97 196 twoway taxiway 
1202 63 64 twoway taxiway T
1202 64 65 twoway taxiway T
1202 65 66 twoway taxiway T
1202 66 44 twoway taxiway T
1202 63 67 twoway taxiway T
1202 67 68 twoway taxiway T
1202 68 69 twoway taxiway T
1202 69 43 twoway taxiway T
1202 70 71 twoway taxiway T
1202 71 72 twoway taxiway T
1202 72 73 twoway taxiway T
1202 73 63 twoway taxiway T
1202 70 210 twoway taxiway 
1202 71 211 twoway taxiway 
1202 72 212 twoway taxiway 
1202 192 193 twoway taxiway U
1202 193 188 twoway taxiway U
1202 188 189 twoway taxiway U
1202 189 190 twoway taxiway U
1202 190 191 twoway taxiway U
1202 191 38 twoway taxiway U
1202 39 40 twoway taxiway U
1202 40 41 twoway taxiway U
1202 41 42 twoway taxiway U
1202 42 188 twoway taxiway U
1202 192 203 twoway taxiway 
1202 193 204 twoway taxiway 
1202 214 215 twoway taxiway Y
1202 215 216 twoway taxiway Y
1202 216 217 twoway taxiway Y
1202 217 45 twoway taxiway Y
1202 218 214 twoway taxiway Y
1202 53 45 twoway taxiway Y
1202 219 218 twoway taxiway 
1202 220 221 twoway taxiway 
1202 221 222 twoway taxiway 
1202 222 219 twoway taxiway 
1202 223 220 twoway taxiway 
1202 6 187 twoway runway 18/36
1202 187 149 twoway runway 18/36
1204 departure 18,36
1204 arrival 18,36
1204 ils 18,36
1202 149 150 twoway runway 18/36
1204 departure 18,36
1204 arrival 18,36
1204 ils 18,36
1202 150 7 twoway runway 18/36
1204 departure 18,36
1204 arrival 18,36
1204 ils 18,36
1202 7 11 twoway runway 18/36
1204 departure 18,36
1204 arrival 18,36
1204 ils 18,36
1202 11 0 twoway runway 18/36
1204 departure 18,36
1204 arrival 18,36
1204 ils 18,36
99
